40  3  438  59  434  464  434  7.3559  7.0  7.3559  1.0  0.944  1.0092  8  8  5  374  6.339  1.1711  21769
40  3  408  143  409  572  390  2.8601  4.0  2.7273  0.0  0.7133  1.0462  6  8  5  336  2.3497  1.2143  13074
40  3  365  72  265  218  278  3.6806  3.0  3.8611  1.0  1.6743  1.3129  6  8  5  254  3.5278  1.437  6908
40  3  495  178  610  579  609  3.427  3.0  3.4213  0.0  0.8549  0.8128  6  8  5  610  3.427  0.8115  13400
40  3  495  178  610  579  609  3.427  3.0  3.4213  0.0  0.8549  0.8128  6  8  5  524  2.9438  0.9447  11180
40  3  401  72  440  425  402  6.1111  5.0  5.5833  0.0  0.9435  0.9975  8  8  5  337  4.6806  1.1899  7894
40  3  506  99  555  614  469  5.6061  6.0  4.7374  0.0  0.8241  1.0789  7  9  6  499  5.0404  1.014  9606
40  3  485  85  463  400  460  5.4471  4.0  5.4118  1.0  1.2125  1.0543  8  8  5  417  4.9059  1.1631  5414
40  3  458  96  503  604  514  5.2396  6.0  5.3542  0.0  0.7583  0.8911  6  9  5  459  4.7813  0.9978  5532
40  3  492  88  395  337  409  4.4886  3.0  4.6477  1.0  1.4599  1.2029  6  8  5  337  3.8295  1.4599  12338
40  3  464  94  388  345  359  4.1277  3.0  3.8191  1.0  1.3449  1.2925  7  8  5  388  4.1277  1.1959  2485
40  3  464  94  388  345  359  4.1277  3.0  3.8191  1.0  1.3449  1.2925  7  8  5  388  4.1277  1.1959  1264
40  3  467  104  357  266  315  3.4327  2.0  3.0288  1.0  1.7556  1.4825  7  8  5  278  2.6731  1.6799  8364
40  3  571  150  600  435  559  4.0  2.0  3.7267  0.0  1.3126  1.0215  7  9  5  401  2.6733  1.4239  3753
40  3  571  150  600  435  559  4.0  2.0  3.7267  0.0  1.3126  1.0215  7  8  5  424  2.8267  1.3467  22553
40  3  496  88  509  480  495  5.7841  5.0  5.625  0.0  1.0333  1.002  7  8  5  391  4.4432  1.2685  2045
40  3  412  119  434  363  475  3.6471  3.0  3.9916  0.0  1.135  0.8674  7  8  5  377  3.1681  1.0928  1547
40  3  397  123  610  509  625  4.9593  4.0  5.0813  0.0  0.78  0.6352  7  8  6  520  4.2276  0.7635  5085
40  3  427  78  476  436  460  6.1026  5.0  5.8974  0.0  0.9794  0.9283  7  9  5  366  4.6923  1.1667  4035
40  3  527  127  526  527  628  4.1417  4.0  4.9449  1.0  1.0  0.8392  8  9  5  452  3.5591  1.1659  43443
40  4  502  114  575  449  338  5.0439  3.0  2.9649  0.0  1.118  1.4852  7  9  6  406  3.5614  1.2365  17306
40  4  408  127  395  388  352  3.1102  3.0  2.7717  1.0  1.0515  1.1591  7  9  6  334  2.6299  1.2216  7855
40  4  425  25  363  332  412  14.52  13.0  16.48  1.0  1.2801  1.0316  8  9  6  303  12.12  1.4026  3022
40  4  418  93  276  283  227  2.9677  3.0  2.4409  1.0  1.477  1.8414  7  8  6  248  2.6667  1.6855  10813
40  4  406  64  395  407  479  6.1719  6.0  7.4844  1.0  0.9975  0.8476  9  9  7  395  6.1719  1.0278  868
40  4  363  43  351  385  368  8.1628  8.0  8.5581  1.0  0.9429  0.9864  9  9  6  323  7.5116  1.1238  25548
40  4  407  132  394  552  292  2.9848  4.0  2.2121  1.0  0.7373  1.3938  8  8  6  394  2.9848  1.033  685
40  4  430  55  367  365  326  6.6727  6.0  5.9273  1.0  1.1781  1.319  8  8  6  314  5.7091  1.3694  967
40  4  390  128  282  243  319  2.2031  1.0  2.4922  1.0  1.6049  1.2226  7  8  6  282  2.2031  1.383  28685
40  4  403  117  312  326  297  2.6667  2.0  2.5385  1.0  1.2362  1.3569  6  8  6  258  2.2051  1.562  3774
40  4  432  121  475  475  476  3.9256  3.0  3.9339  0.0  0.9095  0.9076  8  8  6  475  3.9256  0.9095  2857
40  4  441  106  482  459  505  4.5472  4.0  4.7642  0.0  0.9608  0.8733  8  9  6  482  4.5472  0.9149  3028
40  4  389  76  438  353  367  5.7632  4.0  4.8289  0.0  1.102  1.0599  8  9  6  438  5.7632  0.8881  5113
40  4  389  76  438  353  367  5.7632  4.0  4.8289  0.0  1.102  1.0599  8  9  6  438  5.7632  0.8881  1536
40  5  311  54  346  328  294  6.4074  6.0  5.4444  0.0  0.9482  1.0578  8  9  6  254  4.7037  1.2244  948
40  5  295  77  346  430  344  4.4935  5.0  4.4675  0.0  0.686  0.8576  9  9  7  301  3.9091  0.9801  2264
40  5  295  77  346  430  344  4.4935  5.0  4.4675  0.0  0.686  0.8576  9  9  7  346  4.4935  0.8526  45971
40  5  317  100  348  507  322  3.48  5.0  3.22  0.0  0.6252  0.9845  8  9  6  309  3.09  1.0259  1014
40  5  375  110  339  286  268  3.0818  2.0  2.4364  1.0  1.3112  1.3993  8  9  12  318  2.8909  1.1792  6183
40  5  317  100  348  507  322  3.48  5.0  3.22  0.0  0.6252  0.9845  8  9  7  309  3.09  1.0259  3586
40  5  375  110  339  286  268  3.0818  2.0  2.4364  1.0  1.3112  1.3993  8  9  7  314  2.8545  1.1943  11966
40  5  334  89  324  357  300  3.6404  4.0  3.3708  1.0  0.9356  1.1133  8  9  6  308  3.4607  1.0844  9312
40  5  334  89  324  357  300  3.6404  4.0  3.3708  1.0  0.9356  1.1133  9  9  6  301  3.382  1.1096  5546
40  5  355  115  421  346  392  3.6609  3.0  3.4087  0.0  1.026  0.9056  8  9  6  336  2.9217  1.0565  3959
40  5  343  44  385  362  403  8.75  8.0  9.1591  0.0  0.9475  0.8511  10  9  8  327  7.4318  1.0489  25105
40  5  381  87  338  321  332  3.8851  3.0  3.8161  1.0  1.1869  1.1476  7  9  6  318  3.6552  1.1981  5743
40  5  318  53  283  261  260  5.3396  4.0  4.9057  1.0  1.2184  1.2231  10  10  7  245  4.6226  1.298  57349
40  5  323  69  282  352  293  4.087  5.0  4.2464  1.0  0.9176  1.1024  9  9  7  282  4.087  1.1454  825
40  5  328  54  312  287  254  5.7778  5.0  4.7037  1.0  1.1429  1.2913  8  9  6  312  5.7778  1.0513  1094
40  5  395  67  415  405  378  6.194  6.0  5.6418  0.0  0.9753  1.045  10  9  7  415  6.194  0.9518  1371
40  5  377  59  242  222  230  4.1017  3.0  3.8983  1.0  1.6982  1.6391  9  9  7  193  3.2712  1.9534  4582
40  5  334  65  361  248  362  5.5538  3.0  5.5692  0.0  1.3468  0.9227  10  9  6  299  4.6  1.1171  2705
40  6  399  87  465  452  455  5.3448  5.0  5.2299  0.0  0.8827  0.8769  9  9  7  456  5.2414  0.875  10472
40  6  436  135  384  358  307  2.8444  2.0  2.2741  1.0  1.2179  1.4202  8  9  7  320  2.3704  1.3625  6228
40  6  431  121  459  308  433  3.7934  2.0  3.5785  0.0  1.3994  0.9954  9  9  7  320  2.6446  1.3469  7629
40  6  456  136  528  550  541  3.8824  4.0  3.9779  0.0  0.8291  0.8429  9  9  7  427  3.1397  1.0679  38789
40  6  418  76  493  410  503  6.4868  5.0  6.6184  0.0  1.0195  0.831  10  9  7  434  5.7105  0.9631  22847
40  6  454  131  654  394  534  4.9924  3.0  4.0763  0.0  1.1523  0.8502  9  10  7  413  3.1527  1.0993  3013
40  6  452  131  357  346  448  2.7252  2.0  3.4198  1.0  1.3064  1.0089  7  9  7  356  2.7176  1.2697  13285
40  6  497  134  549  568  468  4.097  4.0  3.4925  0.0  0.875  1.062  8  9  7  549  4.097  0.9053  6547
40  6  533  65  460  431  411  7.0769  6.0  6.3231  1.0  1.2367  1.2968  10  10  8  408  6.2769  1.3064  3072
40  6  439  130  477  514  411  3.6692  3.0  3.1615  0.0  0.8541  1.0681  8  9  7  300  2.3077  1.4633  12061
40  6  386  27  389  427  430  14.4074  15.0  15.9259  0.0  0.904  0.8977  10  10  8  389  14.4074  0.9923  9959
40  6  452  89  519  506  504  5.8315  5.0  5.6629  0.0  0.8933  0.8968  8  9  7  420  4.7191  1.0762  14443
40  6  426  76  294  252  247  3.8684  3.0  3.25  1.0  1.6905  1.7247  7  9  7  212  2.7895  2.0094  2439
40  6  477  74  520  424  370  7.027  5.0  5.0  0.0  1.125  1.2892  10  10  8  395  5.3378  1.2076  9097
40  6  472  79  330  309  332  4.1772  3.0  4.2025  1.0  1.5275  1.4217  10  9  7  293  3.7089  1.6109  15941
40  7  499  72  500  624  526  6.9444  8.0  7.3056  0.0  0.7997  0.9487  9  10  8  500  6.9444  0.998  2405
40  7  591  78  574  559  550  7.359  7.0  7.0513  1.0  1.0572  1.0745  9  10  8  431  5.5256  1.3712  11402
40  7  637  92  625  477  617  6.7935  5.0  6.7065  1.0  1.3354  1.0324  11  10  8  424  4.6087  1.5024  11839
40  7  555  108  536  373  568  4.963  3.0  5.2593  1.0  1.4879  0.9771  9  10  8  374  3.463  1.484  17395
40  7  555  108  536  373  568  4.963  3.0  5.2593  1.0  1.4879  0.9771  9  10  9  435  4.0278  1.2759  6862
40  7  431  83  479  313  306  5.7711  3.0  3.6867  0.0  1.377  1.4085  8  9  8  313  3.7711  1.377  22823
40  7  592  122  683  558  640  5.5984  4.0  5.2459  0.0  1.0609  0.925  10  10  8  477  3.9098  1.2411  4778
40  7  515  91  494  535  512  5.4286  5.0  5.6264  1.0  0.9626  1.0059  10  9  8  360  3.956  1.4306  11709
40  7  527  149  659  559  679  4.4228  3.0  4.557  0.0  0.9428  0.7761  9  9  8  423  2.8389  1.2459  15116
40  7  558  102  487  430  479  4.7745  4.0  4.6961  1.0  1.2977  1.1649  9  10  8  372  3.6471  1.5  10654
40  7  519  95  538  535  642  5.6632  5.0  6.7579  0.0  0.9701  0.8084  12  11  9  475  5.0  1.0926  14704
40  7  504  79  488  496  564  6.1772  6.0  7.1392  1.0  1.0161  0.8936  11  10  8  458  5.7975  1.1004  6228
40  7  487  153  633  721  640  4.1373  4.0  4.183  0.0  0.6755  0.7609  10  9  8  485  3.1699  1.0041  20011
40  7  513  83  573  505  501  6.9036  6.0  6.0361  0.0  1.0158  1.024  10  10  8  475  5.7229  1.08  10578
40  7  563  99  494  490  499  4.9899  4.0  5.0404  1.0  1.149  1.1283  8  10  8  463  4.6768  1.216  2519
40  7  563  99  494  490  499  4.9899  4.0  5.0404  1.0  1.149  1.1283  8  9  8  481  4.8586  1.1705  13150
40  7  501  115  578  568  548  5.0261  4.0  4.7652  0.0  0.882  0.9142  10  10  8  578  5.0261  0.8668  1230
