1  2  198
1  3  3
1  4  168
1  5  3
1  6  259
2  8  22
2  9  113
2  10  137
2  7  83
3  11  92
3  12  251
3  13  48
3  14  47
3  15  233
4  16  214
4  17  29
4  18  194
4  19  174
5  24  76
5  20  223
5  21  91
5  22  191
5  23  192
6  25  90
6  26  31
6  27  144
7  28  228
8  28  23
9  28  200
10  28  123
11  28  230
12  28  123
13  29  3
14  29  138
15  29  243
16  29  10
17  29  207
18  29  122
19  30  122
20  30  254
21  30  125
22  31  82
23  31  119
24  31  170
25  31  47
26  31  247
27  31  116
28  32  180
28  33  197
29  34  61
29  35  161
29  36  202
30  37  192
31  38  226
31  39  63
32  40  66
33  40  188
34  40  47
35  40  197
36  40  115
37  40  235
38  40  106
39  40  42
