29  28  28  28  23  23  23
23  25  22  26  22  23  21
10  10  12  10  11  10  12
23  25  29  28  23  24  25
17  17  16  16  17  15  17
24  24  23  25  21  24  23
14  12  12  12  13  12  13
22  22  23  22  22  21  22
4  4  3  3  3  3  3
20  22  18  23  18  19  18
18  20  17  15  18  19  18
2  2  2  2  2  2  2
22  23  24  20  23  21  21
12  13  14  11  11  12  14
1  2  1  1  1  1  2
22  17  21  21  20  22  17
28  26  27  29  30  24  30
5  5  5  4  5  5  5
11  10  11  12  13  12  12
25  21  22  23  24  23  24
21  25  24  24  25  21  24
17  18  18  20  19  20  16
18  17  20  16  20  19  21
25  21  23  25  23  24  24
15  15  20  19  19  19  18
19  19  22  20  23  23  21
15  15  17  18  18  18  18
7  7  8  7  8  8  9
4  4  4  4  4  4  3
19  20  17  21  18  16  19
2  1  1  2  2  1  2
11  11  10  10  10  12  9
11  12  9  10  12  9  9
2  2  2  2  2  2  1
10  10  10  8  8  10  10
15  15  14  15  14  14  16
11  14  14  12  11  11  14
11  10  10  12  9  10  11
5  5  6  6  5  6  5
2  2  1  2  2  1  2
