1  2  115
1  3  217
1  4  253
2  5  58
2  6  116
3  8  244
3  9  133
3  10  188
3  11  122
3  7  133
4  16  245
4  12  187
4  13  36
4  14  14
4  15  234
5  17  122
6  18  135
6  19  185
6  20  210
6  21  75
7  22  225
8  23  183
9  24  221
9  25  195
10  26  190
11  27  103
12  28  186
13  29  42
14  30  127
15  31  207
16  32  191
17  33  66
18  34  229
19  35  61
20  35  194
21  35  62
22  36  125
23  37  67
24  37  95
25  37  55
26  37  39
27  37  120
28  38  128
29  38  234
30  39  230
31  39  88
32  39  230
33  40  136
34  40  158
35  40  205
36  40  239
37  40  178
38  40  159
39  40  61
