1  2  71
1  3  141
1  4  151
1  5  147
1  6  78
2  7  106
3  8  169
4  9  203
5  10  132
5  11  135
6  12  51
7  13  255
7  14  214
7  15  103
8  16  98
8  17  120
8  18  44
8  19  169
8  20  113
9  24  3
9  25  148
9  21  208
9  22  148
9  23  84
10  26  90
10  27  74
11  28  98
11  29  226
11  30  8
12  32  59
12  33  123
12  31  191
13  34  71
14  34  5
15  34  255
16  34  113
17  34  17
18  34  228
19  34  254
20  35  21
21  35  118
22  35  255
23  35  131
24  35  13
25  35  253
26  35  186
27  35  46
28  35  141
29  35  78
30  36  12
31  36  185
32  36  73
33  36  166
34  37  151
35  38  13
36  39  195
37  40  43
38  40  76
39  40  97
