1  2  50
1  3  104
1  4  221
1  5  253
2  6  212
3  7  158
4  8  241
4  9  123
4  10  115
5  11  201
5  12  169
6  16  85
6  17  59
6  13  146
6  14  164
6  15  192
7  18  117
8  19  88
8  20  167
8  21  131
9  22  84
9  23  212
10  24  178
10  25  22
10  26  237
11  27  59
12  28  155
13  29  208
14  29  156
15  29  147
16  30  212
17  30  103
18  30  57
19  31  197
20  32  29
21  33  2
22  33  152
23  33  156
24  33  145
25  34  232
26  34  124
27  35  89
28  35  232
29  36  216
30  36  58
31  37  148
32  37  178
33  38  41
34  39  146
35  39  219
36  40  99
37  40  242
38  40  93
39  40  118
