60  733  196  763  794  3.8929  4.051  0.9607  0.9232  20  30
60  654  141  580  494  4.1135  3.5035  1.1276  1.3239  10  40
60  603  141  723  540  5.1277  3.8298  0.834  1.1167  20  30
60  776  132  632  502  4.7879  3.803  1.2278  1.5458  20  30
60  673  99  483  551  4.8788  5.5657  1.3934  1.2214  10  30
60  745  156  789  781  5.0577  5.0064  0.9442  0.9539  30  30
60  671  123  758  854  6.1626  6.9431  0.8852  0.7857  30  30
60  693  181  843  590  4.6575  3.2597  0.8221  1.1746  20  30
60  785  229  803  870  3.5066  3.7991  0.9776  0.9023  30  40
60  687  61  559  649  9.1639  10.6393  1.229  1.0586  20  32
60  653  94  511  554  5.4362  5.8936  1.2779  1.1787  20  40
60  671  86  460  411  5.3488  4.7791  1.4587  1.6326  20  30
60  728  176  760  662  4.3182  3.7614  0.9579  1.0997  30  40
60  696  68  490  465  7.2059  6.8382  1.4204  1.4968  20  30
60  1004  147  767  777  5.2177  5.2857  1.309  1.2921  20  30
60  1040  238  1164  927  4.8908  3.895  0.8935  1.1219  30  40
60  999  141  783  866  5.5532  6.1418  1.2759  1.1536  40  50
60  964  209  983  598  4.7033  2.8612  0.9807  1.612  30  50
60  890  306  594  517  1.9412  1.6895  1.4983  1.7215  40  60
60  971  104  779  650  7.4904  6.25  1.2465  1.4938  30  60
60  1035  232  769  976  3.3147  4.2069  1.3459  1.0605  40  60
60  1079  276  1188  953  4.3043  3.4529  0.9082  1.1322  30  70
60  1292  284  1169  1177  4.1162  4.1444  1.1052  1.0977  32  60
60  1203  123  854  958  6.9431  7.7886  1.4087  1.2557  40  70
60  1172  128  1008  935  7.875  7.3047  1.1627  1.2535  50  60
60  1140  66  935  902  14.1667  13.6667  1.2193  1.2639  60  60
60  634  64  504  427  7.875  6.6719  1.2579  1.4848  40  50
60  576  53  485  456  9.1509  8.6038  1.1876  1.2632  50  40
60  922  201  938  973  4.6667  4.8408  0.9829  0.9476  70  60
60  791  91  600  569  6.5934  6.2527  1.3183  1.3902  37  50
60  897  241  816  1082  3.3859  4.4896  1.0993  0.829  30  50
60  990  98  668  564  6.8163  5.7551  1.482  1.7553  62  60
60  822  179  880  815  4.9162  4.5531  0.9341  1.0086  40  50
