1  2  24
1  3  79
1  4  210
2  8  66
2  5  66
2  6  76
2  7  148
3  9  42
4  10  106
4  11  120
4  12  86
4  13  210
5  16  192
5  17  78
5  18  92
5  14  3
5  15  87
6  19  59
6  20  216
6  21  126
7  24  6
7  22  218
7  23  31
8  25  207
8  26  104
9  27  213
9  28  52
9  29  213
9  30  143
9  31  125
10  32  10
10  33  172
10  34  30
10  35  218
11  36  124
11  37  171
11  38  65
11  39  36
12  40  7
13  41  127
13  42  64
14  43  209
15  44  18
16  44  141
17  44  120
18  45  126
19  45  200
20  45  18
21  45  115
22  45  219
23  46  158
24  47  9
25  47  42
26  48  195
27  48  90
28  48  142
29  48  124
30  49  55
31  49  170
32  49  141
33  49  34
34  49  114
35  50  201
36  50  47
37  51  84
38  51  70
39  51  63
40  51  187
41  51  96
42  52  184
43  53  183
44  53  35
45  54  38
46  55  7
47  56  131
48  57  89
49  58  29
50  59  112
51  59  121
52  59  153
53  60  11
54  60  127
55  60  132
56  60  53
57  60  95
58  60  191
59  60  197
