3  3  4
8  8  10
6  7  7
8  7  6
8  12  8
3  2  2
4  4  3
13  18  11
17  14  20
1  2  1
17  12  11
12  12  13
14  14  10
10  6  6
4  4  3
14  16  18
11  10  10
3  3  3
15  20  25
12  9  12
20  18  17
3  3  2
15  22  17
3  3  4
12  12  12
21  13  13
12  13  13
15  18  22
21  19  20
10  15  10
6  5  5
7  6  6
23  20  16
19  19  17
9  11  10
17  18  22
8  9  9
7  8  6
13  9  8
19  16  16
18  18  20
7  7  6
20  20  25
8  9  10
16  23  16
7  7  8
20  22  22
6  8  10
14  12  15
6  4  7
12  14  16
17  15  17
11  14  13
2  1  2
18  17  14
2  1  1
6  5  8
6  10  6
18  19  15
14  13  17
