21  23  21
15  15  16
9  8  8
15  16  16
11  12  12
19  21  20
7  8  7
11  12  12
11  12  11
4  3  3
15  14  14
7  7  8
15  15  15
11  11  11
11  11  10
20  19  20
3  2  3
1  1  1
18  17  17
17  17  17
1  1  2
20  19  20
9  8  8
11  12  12
17  17  17
6  5  6
19  21  20
2  1  1
15  16  16
18  19  19
6  5  6
20  19  19
6  6  5
18  19  18
14  14  15
8  8  8
5  6  5
7  8  7
9  9  9
19  20  21
13  12  13
10  9  9
20  21  20
10  9  10
17  17  16
5  5  4
6  6  6
3  3  2
1  2  1
18  19  19
21  19  20
15  15  15
14  13  14
9  10  9
11  11  11
3  4  4
15  15  14
16  15  16
15  15  15
3  3  2
