1  2  143
1  3  55
1  4  89
2  8  147
2  9  35
2  5  144
2  6  58
2  7  43
3  10  50
3  11  41
4  12  91
5  13  118
6  13  130
7  14  147
8  15  119
9  15  11
10  16  196
11  17  166
12  17  99
13  18  39
14  19  198
15  20  92
16  21  208
17  22  10
18  24  185
18  23  33
19  25  22
19  26  172
19  27  98
20  28  140
20  29  8
20  30  167
21  32  170
21  33  58
21  31  21
22  34  89
22  35  13
23  36  26
24  37  83
25  37  72
26  38  155
27  39  68
28  40  23
29  40  21
30  41  215
31  41  209
32  42  147
33  42  65
34  42  39
35  42  216
36  43  130
37  44  203
38  45  118
39  45  82
40  46  98
41  47  98
42  48  145
43  49  210
44  50  89
45  51  49
46  52  58
47  53  165
48  54  135
49  55  116
50  55  125
51  56  130
52  57  54
53  58  110
54  59  16
55  60  176
56  60  34
57  60  55
58  60  27
59  60  84
