1  2  218
1  3  108
1  4  123
2  8  184
2  5  3
2  6  107
2  7  45
3  9  33
3  10  202
3  11  133
4  12  149
4  13  61
4  14  87
4  15  76
5  16  5
5  17  26
6  18  189
6  19  171
7  20  112
8  21  131
9  22  110
10  24  61
10  25  81
10  23  57
11  26  9
11  27  90
12  28  184
13  29  190
14  30  23
15  31  170
16  32  214
17  33  76
18  34  91
19  35  110
20  35  154
21  35  218
22  35  144
23  36  39
24  36  212
25  37  76
26  38  24
27  39  166
28  40  49
29  41  100
30  42  74
31  43  64
32  44  125
33  45  28
34  46  3
35  47  214
36  48  134
36  49  174
37  50  22
38  51  105
39  52  12
40  53  92
40  54  210
41  56  178
41  57  98
41  55  166
42  58  170
43  59  27
44  60  174
45  60  64
46  60  203
47  60  157
48  60  96
49  60  151
50  60  176
51  60  104
52  60  59
53  60  148
54  60  171
55  60  7
56  60  102
57  60  1
58  60  178
59  60  108
