1  2  26
1  3  118
1  4  2
1  5  156
1  6  95
2  7  131
3  7  88
4  7  18
5  8  63
6  8  173
7  9  20
7  10  179
7  11  13
8  12  154
9  13  67
9  14  109
10  15  136
11  16  85
11  17  70
12  18  218
13  19  148
14  20  91
15  21  139
15  22  161
16  23  219
17  24  163
18  25  196
19  26  59
20  27  217
20  28  34
21  29  63
22  30  26
23  31  151
24  32  68
25  33  211
26  34  14
27  35  139
28  36  193
29  37  127
30  38  22
31  38  108
32  39  123
33  40  148
34  41  74
35  41  88
36  42  176
37  43  199
38  43  154
39  44  150
40  44  113
41  45  44
42  45  26
43  46  58
44  47  49
45  48  60
45  49  188
46  50  44
47  51  147
47  52  45
47  53  26
47  54  32
48  55  49
49  56  208
50  56  93
51  56  117
52  57  97
53  58  95
54  59  173
55  60  118
56  60  132
57  60  83
58  60  97
59  60  5
