1  2  89
1  3  56
2  4  197
2  5  126
2  6  207
3  8  120
3  7  55
4  9  77
5  10  198
6  11  19
6  12  59
7  13  137
8  14  157
9  15  102
10  15  164
11  16  60
12  16  184
13  17  33
14  17  107
15  18  32
16  19  80
17  20  5
18  21  136
19  22  127
19  23  153
20  24  212
21  25  185
21  26  187
21  27  108
21  28  18
21  29  85
22  32  5
22  30  178
22  31  131
23  33  73
23  34  76
24  35  50
24  36  104
24  37  98
25  38  219
26  38  85
27  38  183
28  38  113
29  39  165
30  39  19
31  39  36
32  39  62
33  39  66
34  40  43
35  40  150
36  40  114
37  40  141
38  41  23
39  42  6
40  43  66
41  44  169
42  45  150
42  46  219
43  48  58
43  47  172
44  49  49
45  49  145
46  49  139
47  50  24
48  50  13
49  51  148
50  52  100
50  53  116
51  54  31
51  55  116
52  56  16
52  57  167
52  58  43
53  59  117
54  60  116
55  60  32
56  60  35
57  60  173
58  60  27
59  60  91
