1  2  198
1  3  157
1  4  72
1  5  105
1  6  102
2  7  117
3  8  194
3  9  11
3  10  193
4  11  165
4  12  110
5  13  100
6  14  114
7  15  91
8  16  129
9  17  61
9  18  119
10  19  136
11  20  177
11  21  86
12  22  41
12  23  26
13  24  98
13  25  110
14  26  13
15  27  85
16  28  52
17  28  130
18  29  41
19  30  51
20  30  86
21  31  9
22  32  133
23  32  112
24  33  62
25  34  180
26  34  62
27  35  180
28  36  129
29  37  150
30  38  138
31  39  102
32  39  124
33  40  80
34  40  6
35  41  168
36  42  195
36  43  114
37  44  90
38  45  165
39  46  80
40  48  30
40  47  130
41  49  85
41  50  86
41  51  160
41  52  46
42  53  144
42  54  66
43  56  130
43  55  62
44  57  142
45  58  63
45  59  119
45  60  194
46  61  9
46  62  93
47  63  179
48  64  20
48  65  178
49  66  65
50  66  121
51  66  92
52  66  119
53  66  16
54  67  128
55  67  154
56  67  120
57  67  27
58  67  144
59  67  95
60  67  149
61  67  149
62  68  116
63  68  145
64  68  62
65  68  182
66  69  149
67  70  176
67  71  80
68  72  88
68  73  94
69  74  117
69  75  6
70  76  80
71  77  88
71  78  150
72  79  64
73  80  147
74  81  70
75  81  20
76  82  135
77  82  89
78  82  105
79  82  137
80  82  95
81  83  64
81  84  75
81  85  181
81  86  134
81  87  89
82  88  165
82  89  175
82  90  183
82  91  133
83  92  128
84  92  55
85  92  145
86  93  190
87  93  95
88  93  119
89  94  173
90  94  124
91  94  112
92  96  45
92  95  192
93  97  131
94  98  54
94  99  39
95  100  120
96  100  130
97  100  185
98  100  140
99  100  107
