6  7  7
12  13  11
15  16  13
15  15  13
24  26  30
13  12  12
21  18  20
20  19  18
24  26  28
22  20  22
16  17  16
13  12  14
21  20  23
8  9  7
6  7  7
23  27  22
11  10  10
19  21  22
10  12  12
1  2  2
6  6  6
3  3  4
29  27  26
8  7  7
23  24  24
5  4  5
20  23  21
1  1  1
11  10  12
12  11  10
3  2  3
1  2  2
21  22  24
9  12  11
15  19  16
23  21  22
3  2  2
16  17  16
15  20  17
14  15  13
27  28  26
20  20  21
24  24  22
14  14  14
8  7  8
25  26  25
9  8  9
16  15  15
3  3  2
10  10  10
26  29  24
18  18  19
15  12  13
22  25  25
29  28  27
15  13  14
25  29  25
7  7  8
4  5  4
2  2  3
31  26  30
14  12  13
12  12  13
8  8  7
22  21  21
24  24  22
26  25  29
14  13  13
21  22  19
17  19  15
14  14  16
27  24  25
7  6  6
4  4  3
25  25  24
5  4  5
14  12  11
19  19  20
5  5  6
2  2  2
