24  23  24
20  22  21
20  20  21
2  2  2
15  15  15
11  11  11
10  11  11
22  24  23
19  20  20
22  22  24
14  15  14
25  25  23
24  25  26
28  28  27
21  23  21
19  18  18
14  14  14
6  7  6
22  24  23
1  2  2
22  22  20
9  9  9
3  4  3
13  13  14
27  30  28
3  4  3
1  1  1
13  14  14
21  21  23
6  6  6
23  24  23
27  29  27
2  2  2
21  23  21
6  7  6
8  8  7
15  15  15
23  26  23
25  25  26
26  26  28
21  22  22
13  13  13
9  10  10
8  7  7
3  3  3
4  5  5
6  6  6
20  19  20
30  29  30
30  27  27
25  28  27
11  10  11
5  6  6
23  26  23
29  29  29
18  18  18
6  6  6
16  15  15
6  5  6
7  7  7
24  24  23
2  2  2
10  11  10
24  27  27
8  8  7
11  11  10
15  15  15
24  24  22
28  26  28
23  24  25
21  22  22
25  25  25
21  20  20
15  16  15
5  5  5
21  22  22
30  29  29
5  5  6
26  27  26
11  12  12
