1  2  197
1  3  80
1  4  156
2  8  238
2  9  3
2  5  66
2  6  279
2  7  218
3  10  259
3  11  129
3  12  92
3  13  15
3  14  88
4  16  126
4  17  28
4  18  160
4  15  213
5  19  178
6  19  176
7  20  206
8  20  226
9  21  59
10  21  69
11  22  255
12  22  261
13  23  58
14  23  257
15  24  7
16  24  216
17  24  32
18  25  11
19  26  27
20  27  79
21  28  9
21  29  124
22  32  222
22  30  245
22  31  23
23  33  204
23  34  206
24  35  234
24  36  248
24  37  77
24  38  16
24  39  264
25  40  274
25  41  21
25  42  30
26  43  100
27  44  123
28  45  259
29  46  198
30  47  156
31  48  271
32  49  29
33  49  143
34  50  34
35  51  101
36  52  246
37  52  153
38  53  77
39  54  71
40  54  58
41  54  229
42  54  45
43  55  185
44  56  226
45  57  218
46  58  98
47  59  190
48  60  201
49  61  134
50  62  42
51  63  254
52  64  170
53  65  276
54  65  22
55  66  179
56  67  207
57  68  189
58  69  278
59  70  27
60  71  262
61  72  149
62  73  99
63  74  198
63  75  117
64  76  32
65  77  82
65  78  178
65  79  118
66  80  137
67  80  231
68  80  23
69  80  195
70  80  204
71  80  254
72  80  270
73  80  95
74  80  26
75  80  124
76  80  217
77  80  54
78  80  246
79  80  113
