20  19  19
23  20  22
2  3  3
18  18  18
6  6  6
13  13  13
6  6  7
14  13  13
21  20  23
7  8  8
5  5  5
27  26  27
10  10  10
24  22  22
4  4  4
23  21  21
21  23  23
8  7  8
7  7  7
11  11  10
9  9  9
25  27  26
29  27  27
8  9  8
18  19  19
3  4  4
21  21  20
27  26  25
29  27  29
5  6  5
23  22  24
4  4  4
10  10  9
26  25  26
1  2  2
19  19  20
28  27  26
15  15  15
11  11  11
7  7  7
3  3  4
5  4  4
14  13  13
11  12  11
10  10  10
10  11  11
12  13  12
11  10  11
13  14  13
19  21  20
17  17  17
25  25  25
21  22  23
23  23  23
13  14  13
17  16  16
16  17  17
11  12  12
24  25  27
12  13  13
9  9  9
19  19  19
15  15  14
18  18  18
23  23  21
2  2  3
2  1  1
17  18  17
9  9  9
27  29  28
23  26  23
13  14  14
21  21  23
21  21  21
23  22  23
2  3  3
13  13  14
28  30  27
23  22  23
12  13  12
