1  2  42
1  3  48
1  4  16
2  8  78
2  5  92
2  6  94
2  7  132
3  9  11
3  10  96
3  11  105
3  12  229
3  13  125
4  14  91
4  15  126
5  16  127
6  17  276
7  17  175
8  18  15
9  19  72
10  20  19
11  21  22
12  21  83
13  22  172
14  23  204
15  24  132
16  25  72
16  26  156
16  27  205
16  28  250
17  29  87
17  30  111
17  31  212
18  32  217
18  33  218
18  34  80
19  35  57
19  36  267
19  37  271
20  40  64
20  41  193
20  38  18
20  39  25
21  42  6
21  43  210
21  44  163
22  45  34
22  46  214
23  48  178
23  49  66
23  50  169
23  47  92
24  51  219
24  52  278
25  53  24
26  53  213
27  54  52
28  54  9
29  54  244
30  55  50
31  56  83
32  56  219
33  57  55
34  57  112
35  57  225
36  58  228
37  58  76
38  59  274
39  59  50
40  60  13
41  61  190
42  61  243
43  62  74
44  62  224
45  63  38
46  64  261
47  64  252
48  64  209
49  65  253
50  65  110
51  65  57
52  65  6
53  66  237
54  67  182
55  68  36
56  69  267
57  70  39
58  71  86
59  72  258
59  73  23
60  74  7
61  75  250
62  76  237
63  77  224
64  78  102
65  79  93
66  80  273
67  80  15
68  80  240
69  80  233
70  80  123
71  80  202
72  80  278
73  80  86
74  80  207
75  80  158
76  80  162
77  80  119
78  80  75
79  80  133
