1  2  17
1  3  28
2  8  216
2  4  89
2  5  118
2  6  105
2  7  126
3  9  101
3  10  203
3  11  202
4  12  109
5  13  269
6  13  257
7  14  187
8  15  216
9  16  121
10  17  47
11  17  93
12  18  204
13  18  213
14  18  132
15  19  162
16  19  238
17  20  4
18  21  77
19  22  153
19  23  231
20  24  9
21  25  257
22  26  112
22  27  33
22  28  126
23  32  147
23  29  170
23  30  32
23  31  253
24  33  158
24  34  77
24  35  201
25  36  24
26  36  56
27  37  126
28  37  237
29  38  154
30  39  166
31  40  181
32  40  259
33  41  58
34  41  216
35  41  122
36  42  241
37  42  164
38  43  32
39  44  48
40  45  86
41  46  185
42  47  265
43  48  22
44  49  216
45  50  114
46  51  165
47  52  126
48  53  30
49  54  240
50  55  203
51  55  99
52  56  202
53  57  97
54  58  223
55  59  214
56  60  246
57  60  148
58  60  97
59  60  156
