1  2  55
1  3  271
1  4  23
1  5  68
1  6  274
2  7  188
3  8  246
4  9  194
4  10  38
4  11  222
5  12  29
5  13  36
5  14  124
5  15  246
6  16  203
6  17  101
6  18  241
7  19  202
7  20  18
8  21  98
9  22  172
9  23  204
10  24  179
10  25  251
11  26  180
12  27  270
12  28  79
13  29  63
14  30  165
15  31  102
16  32  105
16  33  127
16  34  129
16  35  134
17  36  30
17  37  17
18  38  22
19  39  110
20  40  230
21  40  210
22  41  54
23  42  214
24  43  13
25  43  71
26  43  54
27  44  207
28  44  33
29  44  50
30  45  201
31  45  7
32  46  29
33  47  149
34  47  66
35  47  222
36  48  255
37  48  66
38  48  122
39  49  129
40  50  17
41  51  231
42  52  152
43  53  186
44  54  143
45  56  130
45  55  105
46  57  49
47  58  180
48  59  19
49  60  160
50  60  132
51  60  105
52  60  242
53  60  135
54  60  125
55  60  217
56  60  70
57  60  163
58  60  37
59  60  167
