13  13  11  14  11  14  11
14  13  14  14  13  16  15
1  2  1  2  2  2  1
27  24  23  24  23  21  21
3  2  3  2  3  2  2
18  19  16  19  19  16  19
8  8  9  7  7  7  9
12  9  12  10  11  10  11
7  7  6  7  6  6  6
19  16  15  17  19  15  15
3  2  3  3  3  2  3
23  24  25  26  26  27  25
6  7  6  7  6  7  6
19  21  21  19  20  22  22
19  20  20  22  24  24  24
5  4  5  4  5  5  5
4  3  3  3  3  4  4
13  14  12  12  14  14  13
28  28  24  26  30  25  26
17  14  17  14  15  14  14
8  8  9  7  9  8  9
13  13  15  12  15  14  12
9  8  7  9  7  7  8
4  5  5  5  5  4  5
5  5  4  5  5  5  4
8  9  9  7  7  8  9
8  8  7  8  8  8  8
9  10  10  10  10  9  10
26  26  26  27  22  27  25
14  16  14  18  14  14  18
15  14  15  15  14  14  12
1  1  1  2  2  2  2
2  3  2  2  3  3  3
12  9  12  12  9  12  11
32  25  32  32  32  28  25
28  28  25  26  26  26  32
11  10  13  11  13  10  11
14  12  15  13  12  13  13
9  12  11  9  9  9  12
26  21  26  24  25  24  26
2  2  2  1  1  1  1
8  7  7  8  8  7  7
18  17  19  16  17  16  18
24  24  24  26  30  30  24
27  24  30  26  29  31  27
19  18  20  20  22  22  19
26  21  21  23  23  23  22
25  25  22  25  21  20  21
5  5  5  5  5  6  5
18  18  19  20  22  23  23
29  27  30  26  29  23  28
5  4  5  5  5  5  4
6  6  6  7  6  7  7
13  16  13  13  14  15  16
19  20  24  19  19  23  21
23  19  19  21  22  19  20
25  32  27  26  32  31  30
26  25  23  22  24  21  24
4  3  4  3  4  4  4
13  16  13  13  16  16  14
