60  3  733  196  763  794  667  3.8929  4.0  3.4031  0.9607  0.9232  1.099  31  17  10  617  3.148  1.188  120670
60  3  654  141  580  494  482  4.1135  3.0  3.4184  1.1276  1.3239  1.3568  11  17  11  448  3.1773  1.4598  5025
60  3  603  141  723  540  606  5.1277  3.0  4.2979  0.834  1.1167  0.995  12  17  11  490  3.4752  1.2306  68686
60  3  776  132  632  502  633  4.7879  3.0  4.7955  1.2278  1.5458  1.2259  14  18  11  529  4.0076  1.4669  35945
60  3  673  99  483  551  476  4.8788  5.0  4.8081  1.3934  1.2214  1.4139  14  18  11  470  4.7475  1.4319  3678
60  3  745  156  789  781  855  5.0577  5.0  5.4808  0.9442  0.9539  0.8713  15  18  11  789  5.0577  0.9442  5552
60  3  671  123  758  854  543  6.1626  6.0  4.4146  0.8852  0.7857  1.2357  13  18  11  628  5.1057  1.0685  33857
60  3  693  181  843  590  641  4.6575  3.0  3.5414  0.8221  1.1746  1.0811  15  18  11  573  3.1657  1.2094  118606
60  3  785  229  803  870  940  3.5066  3.0  4.1048  0.9776  0.9023  0.8351  17  18  11  803  3.5066  0.9776  14691
60  3  687  61  559  649  569  9.1639  10.0  9.3279  1.229  1.0586  1.2074  17  18  11  490  8.0328  1.402  124320
60  3  653  94  511  554  531  5.4362  5.0  5.6489  1.2779  1.1787  1.2298  23  18  11  511  5.4362  1.2779  2786
60  3  671  86  460  411  481  5.3488  4.0  5.593  1.4587  1.6326  1.395  20  18  11  411  4.7791  1.6326  27236
60  3  728  176  760  662  706  4.3182  3.0  4.0114  0.9579  1.0997  1.0312  15  18  11  647  3.6761  1.1252  97487
60  3  696  68  490  465  545  7.2059  6.0  8.0147  1.4204  1.4968  1.2771  15  18  11  396  5.8235  1.7576  81010
60  4  1004  147  767  777  807  5.2177  5.0  5.4898  1.309  1.2921  1.2441  14  18  12  767  5.2177  1.309  5914
60  4  1040  238  1164  927  830  4.8908  3.0  3.4874  0.8935  1.1219  1.253  15  19  12  917  3.8529  1.1341  58712
60  4  1040  238  1164  927  830  4.8908  3.0  3.4874  0.8935  1.1219  1.253  16  18  12  818  3.437  1.2714  150071
60  4  1004  147  767  777  807  5.2177  5.0  5.4898  1.309  1.2921  1.2441  13  18  12  767  5.2177  1.309  1756
60  4  971  104  779  650  718  7.4904  6.0  6.9038  1.2465  1.4938  1.3524  15  18  12  769  7.3942  1.2627  15861
60  4  971  104  779  650  718  7.4904  6.0  6.9038  1.2465  1.4938  1.3524  15  19  12  680  6.5385  1.4279  29677
60  4  1035  232  769  976  821  3.3147  4.0  3.5388  1.3459  1.0605  1.2607  15  18  12  662  2.8534  1.5634  20016
60  5  1079  276  1188  953  1186  4.3043  3.0  4.2971  0.9082  1.1322  0.9098  16  19  14  1188  4.3043  0.9082  11172
60  5  1292  284  1169  1177  930  4.1162  4.0  3.2746  1.1052  1.0977  1.3892  15  19  13  906  3.1901  1.426  36933
60  5  1203  123  854  958  955  6.9431  7.0  7.7642  1.4087  1.2557  1.2597  30  19  14  682  5.5447  1.7639  27778
60  5  1172  128  1008  935  1018  7.875  7.0  7.9531  1.1627  1.2535  1.1513  24  20  13  768  6.0  1.526  85824
60  5  1140  66  935  902  1063  14.1667  13.0  16.1061  1.2193  1.2639  1.0724  19  20  14  895  13.5606  1.2737  125273
60  6  634  64  504  427  606  7.875  6.0  9.4688  1.2579  1.4848  1.0462  30  20  15  504  7.875  1.2579  6274
60  6  576  53  485  456  499  9.1509  8.0  9.4151  1.1876  1.2632  1.1543  38  20  15  485  9.1509  1.1876  14808
60  7  922  201  938  973  888  4.6667  4.0  4.4179  0.9829  0.9476  1.0383  30  20  16  938  4.6667  0.9829  12158
60  7  791  91  600  569  546  6.5934  6.0  6.0  1.3183  1.3902  1.4487  19  20  16  447  4.9121  1.7696  182053
60  7  897  241  816  1082  719  3.3859  4.0  2.9834  1.0993  0.829  1.2476  17  20  16  722  2.9959  1.2424  205274
60  7  990  98  668  564  579  6.8163  5.0  5.9082  1.482  1.7553  1.7098  18  20  16  668  6.8163  1.482  74533
60  7  822  179  880  815  693  4.9162  4.0  3.8715  0.9341  1.0086  1.1861  19  20  16  674  3.7654  1.2196  14400
