8  15  10
22  18  12
5  3  3
26  33  23
21  12  12
7  10  12
21  26  31
19  18  9
14  34  27
10  13  11
20  44  35
25  26  19
9  5  13
10  12  16
8  9  9
13  23  23
2  1  2
42  25  35
14  22  22
9  21  23
2  2  2
12  17  9
24  35  33
22  10  19
4  5  7
40  19  40
17  33  19
48  50  44
12  5  9
23  14  22
9  7  8
30  19  22
14  14  25
15  28  29
22  33  21
28  31  27
25  30  34
32  26  23
5  6  2
10  8  8
28  26  19
31  31  12
9  6  13
32  21  19
13  32  16
35  14  42
1  1  2
3  7  8
21  8  12
18  24  17
21  20  17
31  30  43
25  22  43
2  5  2
21  30  31
6  3  6
12  22  13
6  4  5
30  32  30
22  15  9
14  12  11
21  21  10
19  12  15
18  12  35
16  25  27
6  16  6
24  22  22
15  11  12
36  20  33
27  17  30
15  15  17
22  29  37
2  2  1
34  17  33
15  29  13
31  33  16
26  21  16
18  10  8
15  21  32
16  27  15
27  30  25
35  40  32
9  11  13
27  20  16
12  7  6
20  39  31
2  1  3
8  12  7
20  14  24
18  30  27
10  17  16
11  7  9
22  16  30
49  24  33
18  27  17
20  22  27
20  11  15
3  3  2
29  32  36
39  22  32
