1  2  214
1  3  309
1  4  339
1  5  200
2  8  40
2  9  69
2  10  92
2  6  78
2  7  124
3  11  25
3  12  35
3  13  112
3  14  267
3  15  278
4  16  247
4  17  155
4  18  225
5  19  94
5  20  212
5  21  184
5  22  117
5  23  175
6  24  91
7  25  206
8  26  338
9  27  305
10  28  183
11  29  68
12  30  6
13  31  336
14  31  295
15  32  123
16  33  312
17  33  273
18  34  171
19  35  76
20  35  57
21  36  22
22  36  5
23  37  197
24  40  332
24  38  69
24  39  296
25  41  138
25  42  247
25  43  253
25  44  236
26  45  294
26  46  103
27  48  315
27  47  339
28  49  272
28  50  194
29  51  265
29  52  16
29  53  168
30  56  3
30  54  309
30  55  149
31  57  210
31  58  251
31  59  328
31  60  23
31  61  129
32  62  324
32  63  141
33  64  156
34  65  144
34  66  324
35  67  169
35  68  300
35  69  143
36  70  85
36  71  182
37  72  295
38  73  169
39  73  123
40  73  200
41  73  3
42  74  259
43  74  153
44  74  38
45  75  301
46  76  267
47  76  74
48  76  299
49  77  32
50  78  19
51  78  29
52  78  247
53  79  285
54  79  80
55  80  336
56  80  31
57  81  99
58  81  304
59  82  194
60  82  218
61  82  221
62  82  264
63  83  278
64  83  314
65  83  53
66  84  168
67  84  216
68  84  43
69  84  194
70  85  151
71  86  266
72  86  256
73  87  246
74  88  310
75  89  293
76  90  328
77  90  189
78  91  68
79  92  210
80  93  19
81  94  337
82  95  27
83  96  102
84  97  156
85  98  68
86  99  303
87  100  11
88  100  199
89  100  98
90  100  146
91  100  42
92  100  272
93  100  330
94  100  307
95  100  222
96  100  195
97  100  167
98  100  82
99  100  193
