1  2  223
1  3  283
1  4  334
2  8  120
2  5  147
2  6  174
2  7  319
3  9  110
3  10  76
4  11  305
4  12  149
5  13  155
6  14  151
6  15  230
7  16  126
8  17  238
8  18  240
8  19  313
8  20  170
9  21  217
10  22  66
11  24  215
11  23  262
12  25  10
13  26  278
14  27  142
15  28  92
16  29  293
17  30  126
18  31  290
19  32  204
20  33  22
21  34  305
22  34  288
23  35  145
24  35  315
25  35  42
26  36  89
26  37  5
27  38  133
28  39  293
29  40  123
30  41  229
30  42  58
30  43  249
30  44  37
31  45  321
31  46  271
32  48  269
32  49  333
32  47  77
33  50  210
34  51  313
35  52  95
36  53  154
37  54  96
38  54  88
39  55  152
40  56  85
41  56  225
42  57  135
43  57  34
44  58  208
45  59  282
46  59  94
47  60  288
48  60  201
49  60  233
50  61  154
51  61  182
52  62  252
53  63  237
54  64  277
55  65  54
56  66  169
57  67  260
58  68  272
59  69  311
60  70  252
61  72  295
61  71  115
62  73  264
63  74  8
64  75  66
65  76  257
66  77  310
67  80  168
67  78  336
67  79  322
68  81  128
69  82  281
69  83  238
70  84  62
71  85  176
71  86  303
72  87  69
73  88  309
74  89  327
75  89  96
76  90  177
77  90  193
78  91  57
79  92  28
80  92  122
81  93  206
82  94  234
83  94  264
84  95  102
85  96  230
86  97  254
87  98  56
88  99  235
89  100  264
90  100  60
91  100  213
92  100  238
93  100  132
94  100  166
95  100  167
96  100  239
97  100  155
98  100  226
99  100  302
