19  11  13
42  43  35
10  26  13
10  18  20
23  9  13
29  37  32
6  9  8
12  6  6
22  35  37
15  13  22
43  18  26
17  33  35
18  14  14
9  8  16
9  5  11
23  14  18
15  11  13
31  38  44
25  26  41
33  46  25
8  7  5
15  27  25
9  21  12
22  26  35
17  27  21
4  6  2
8  7  10
22  21  17
31  23  37
16  16  16
8  9  7
13  12  21
12  10  22
17  31  23
25  26  18
7  4  5
16  35  32
12  24  20
15  19  17
12  24  16
9  8  15
4  4  4
5  5  5
12  5  8
17  10  14
41  30  30
41  37  42
27  12  24
16  37  29
5  4  5
26  15  37
21  27  16
8  19  11
7  11  9
19  33  40
25  25  22
3  7  6
34  29  45
6  9  9
27  16  26
14  35  23
40  35  41
25  24  16
9  11  6
2  2  1
7  7  8
15  8  13
6  3  8
25  25  23
29  27  32
37  50  25
42  50  50
11  27  24
8  3  7
34  21  27
25  27  27
12  8  17
23  14  27
32  25  16
30  13  18
2  5  2
4  4  5
22  22  24
10  26  10
1  1  1
37  17  35
7  7  11
7  3  3
17  7  8
9  7  9
24  11  20
14  8  13
35  30  25
27  23  27
5  2  6
2  1  1
5  2  2
2  2  3
7  4  4
32  13  26
