3  2  2
1  2  2
8  7  8
26  21  24
31  27  27
10  13  11
30  33  31
30  31  30
13  12  13
14  17  18
1  1  1
8  9  7
9  12  9
10  10  13
34  31  31
30  31  35
27  27  32
11  12  11
30  32  30
6  5  6
16  14  17
28  28  28
6  7  7
17  14  16
17  19  16
14  12  12
7  7  9
11  10  10
14  13  15
10  12  13
19  18  16
38  37  37
26  22  27
21  24  21
15  15  15
18  15  16
20  24  22
12  10  9
13  15  13
23  23  23
34  31  33
25  29  22
1  2  2
30  34  38
11  12  12
3  3  4
30  29  28
5  6  6
5  4  4
18  19  18
5  5  5
3  3  2
4  4  4
3  3  3
7  8  7
26  22  25
26  24  27
8  10  8
9  8  9
9  12  12
26  28  29
7  7  9
21  24  26
15  16  17
13  14  12
24  25  29
25  28  27
38  34  34
19  21  21
19  18  17
10  8  9
21  22  22
33  30  31
11  12  14
7  7  7
16  18  16
7  8  8
12  12  13
3  3  3
34  34  37
31  33  31
4  4  3
3  3  2
35  37  37
8  7  7
23  20  21
6  7  6
19  16  17
17  14  16
17  17  21
7  7  6
33  32  32
21  21  19
29  26  29
5  4  4
17  17  15
9  9  11
18  22  18
12  13  10
15  17  18
