38  43  20  41  24
12  18  21  15  11
27  49  40  31  33
17  18  21  15  22
14  24  14  26  25
29  46  33  37  39
7  4  4  4  7
9  15  15  12  15
7  11  13  7  9
16  18  17  16  11
30  32  26  28  19
6  6  7  7  4
5  6  5  7  4
14  13  9  14  13
17  13  10  16  15
2  3  2  2  2
28  29  33  30  27
8  9  6  7  4
51  36  45  40  40
22  35  20  37  28
11  8  13  9  7
26  18  29  33  25
5  5  5  4  2
23  32  28  24  29
39  23  25  31  30
18  22  12  15  20
24  16  20  17  14
19  29  22  22  28
7  7  9  7  11
39  47  40  45  38
28  48  25  22  31
49  45  36  43  37
4  8  5  5  9
19  22  33  29  32
30  33  45  40  24
31  27  21  17  30
41  32  37  45  31
7  8  9  9  7
36  40  31  25  43
2  3  3  3  3
6  9  9  13  7
4  6  4  6  4
33  33  30  26  20
29  35  37  34  31
10  5  5  7  5
9  9  4  9  8
14  22  22  10  14
10  7  7  6  10
12  12  8  7  11
7  7  11  5  10
17  20  23  31  23
22  20  38  30  23
4  5  5  2  2
17  14  17  16  10
31  31  18  35  25
21  20  14  20  13
8  7  9  5  7
23  22  12  20  16
23  21  25  13  14
22  23  17  23  23
