9  11  12  12  12
24  28  25  29  37
27  22  26  25  23
17  17  17  17  21
30  35  35  32  23
13  14  11  9  13
11  12  10  12  8
8  8  9  7  8
21  25  27  26  24
3  2  3  3  2
16  10  11  17  13
38  30  32  27  33
3  3  3  3  4
16  15  14  11  11
33  39  39  35  34
31  34  24  32  23
7  6  4  7  5
10  13  13  13  13
27  19  26  21  27
4  3  3  3  3
29  23  22  21  22
18  14  21  16  15
36  46  31  29  46
22  30  28  32  20
32  34  30  23  33
19  18  30  24  22
7  8  7  8  7
12  14  14  11  11
27  30  28  25  26
46  33  40  30  38
12  9  9  8  10
6  5  6  8  7
3  3  4  3  3
30  45  31  46  43
20  20  15  22  13
5  7  4  7  7
15  14  16  19  22
34  40  44  32  44
23  29  34  34  31
33  25  27  35  21
5  7  5  6  7
33  29  35  43  33
35  31  30  32  40
24  28  30  25  25
38  29  47  44  33
5  6  5  5  4
33  30  49  30  36
35  41  34  33  26
38  41  32  37  26
22  24  24  18  18
24  24  39  39  36
27  29  21  31  21
37  45  46  34  42
31  41  31  35  32
23  19  17  22  17
40  24  39  28  27
11  11  8  10  11
24  21  25  20  30
12  10  13  12  8
42  36  43  35  42
