1  2  348
1  3  280
1  4  17
2  5  211
2  6  37
3  8  130
3  9  389
3  10  66
3  7  238
4  11  100
4  12  130
5  13  352
6  14  120
7  15  206
8  16  330
9  17  32
10  18  202
11  19  89
12  20  142
13  21  324
14  21  370
15  22  219
16  22  61
17  23  54
18  24  7
19  24  61
20  25  294
21  26  12
22  27  211
22  28  396
22  29  7
23  30  159
23  31  231
24  32  287
25  33  259
26  34  93
27  35  190
28  35  345
29  36  157
30  36  379
31  36  219
32  37  111
33  38  88
34  39  311
35  40  127
36  41  235
37  42  384
38  43  343
38  44  81
39  45  304
40  46  37
41  48  174
41  47  211
42  49  298
42  50  346
43  51  213
44  52  284
45  53  84
46  54  244
47  54  353
48  55  136
49  56  220
50  57  277
51  58  81
52  59  154
53  60  294
54  60  178
55  60  77
56  60  357
57  60  397
58  60  122
59  60  150
