27  26  27  27  24  24  27
8  7  8  8  7  8  8
24  23  25  22  23  24  22
28  30  29  28  30  28  27
2  1  1  1  2  2  2
4  5  4  5  5  4  5
10  11  10  10  10  10  10
13  13  12  12  13  12  13
29  29  29  28  29  28  29
13  13  12  12  12  13  12
14  15  14  15  15  14  15
17  17  17  16  17  16  16
28  28  30  31  31  29  31
16  16  16  17  16  17  16
16  16  16  16  15  16  15
23  23  24  26  26  25  23
15  14  15  15  14  14  15
1  1  1  2  2  1  2
14  13  13  14  13  13  14
24  23  26  26  24  26  24
