34  40  34  38  22  32  28
35  16  35  36  26  18  19
10  7  10  11  11  6  7
38  26  38  29  30  45  41
39  24  25  36  34  17  20
13  11  17  15  20  19  9
5  12  11  9  10  13  8
14  8  13  19  20  18  15
22  33  23  24  33  31  35
27  26  30  29  25  26  22
5  4  5  4  6  2  2
26  19  10  24  19  26  13
10  12  15  12  7  5  12
25  33  38  29  24  33  37
5  7  5  3  3  7  8
4  5  2  3  4  5  4
21  30  32  34  19  26  24
8  8  23  21  12  14  10
9  7  11  13  6  5  5
17  30  19  27  18  22  36
