25  28  27  27  27  25  26
9  8  9  8  9  8  8
11  10  11  10  11  10  10
22  23  25  22  25  22  22
24  25  23  26  24  26  26
8  9  8  9  9  9  9
25  26  25  28  27  26  26
27  25  27  27  27  27  28
25  26  25  25  25  25  26
28  29  26  28  28  26  28
2  2  3  2  2  3  2
23  23  21  23  20  23  20
8  7  7  7  8  8  7
26  25  25  27  27  25  28
22  20  20  21  21  20  21
3  3  3  3  2  3  2
23  21  21  21  22  21  22
19  19  19  21  21  21  19
29  26  27  29  28  29  29
12  12  12  12  13  12  13
7  6  6  7  6  6  6
24  27  27  25  25  25  24
8  7  7  8  7  8  8
14  15  15  15  14  14  14
19  19  20  19  19  19  20
8  8  9  8  9  9  8
22  25  22  24  23  23  25
26  29  27  27  29  29  28
7  8  7  8  8  8  7
4  4  4  5  5  5  5
12  13  13  12  12  12  12
18  18  18  18  18  17  18
9  9  9  10  10  10  10
25  26  27  24  24  27  27
24  23  21  21  21  21  21
21  21  19  21  21  19  19
15  15  15  15  14  14  15
7  7  7  7  7  8  7
3  3  3  2  3  2  2
13  12  12  12  12  12  13
5  5  5  6  5  5  5
12  12  13  12  13  13  12
23  22  22  20  22  22  20
14  15  15  14  14  15  14
9  9  9  9  8  8  9
7  6  6  6  7  7  7
18  19  18  19  19  19  18
9  9  9  9  9  10  10
6  6  6  6  5  5  5
2  3  3  2  2  3  3
11  11  12  11  12  12  12
6  6  6  6  7  7  6
26  26  29  27  26  29  26
20  20  19  20  20  20  19
19  19  18  19  19  18  18
18  19  18  19  19  18  18
23  21  21  21  22  20  21
26  26  24  27  24  25  26
10  9  9  9  10  10  10
7  7  8  7  8  7  7
