8  8  7  7  8  8  8
21  22  22  20  21  21  20
6  7  7  7  6  7  7
14  14  15  15  15  14  14
15  15  15  15  16  15  15
25  25  26  26  26  26  27
14  15  14  14  15  14  15
8  7  7  8  8  8  8
27  27  28  28  30  29  29
12  12  12  12  11  12  11
28  27  28  29  28  28  29
19  19  20  20  19  19  19
3  2  3  3  3  2  3
2  1  2  2  1  2  1
10  10  10  11  10  11  10
19  19  19  19  19  19  18
16  17  17  16  17  17  17
28  27  27  25  27  28  27
20  20  20  20  20  19  20
7  7  7  8  8  7  7
30  27  27  29  29  28  30
7  8  8  7  8  8  7
17  16  17  17  16  17  17
18  18  18  18  19  18  18
7  6  6  7  7  6  7
24  21  24  22  21  24  22
11  12  12  12  11  11  12
6  7  7  7  7  6  7
20  21  20  20  23  22  22
30  29  29  30  29  28  27
19  20  20  20  20  19  19
10  9  9  10  10  9  9
22  21  21  20  23  20  20
30  29  30  27  30  27  27
1  1  1  2  2  2  1
24  24  23  24  23  23  23
15  14  15  14  15  15  14
28  27  29  28  28  28  27
20  19  19  19  19  20  19
20  19  20  19  20  19  20
15  15  16  16  15  16  15
13  13  14  14  13  13  14
15  14  14  14  14  14  15
26  27  27  27  26  24  24
17  17  16  17  17  17  17
27  27  25  25  27  26  24
17  18  18  17  18  17  17
2  2  1  1  2  1  1
2  3  2  3  2  2  3
14  13  14  13  14  13  13
28  29  28  26  26  29  26
3  3  3  4  3  4  4
27  26  27  27  28  28  27
25  27  25  26  24  26  27
9  10  9  9  10  10  10
23  24  25  25  24  23  23
27  27  29  28  29  30  28
18  18  19  18  18  18  18
21  23  21  24  24  23  22
10  9  10  10  10  10  9
