60  3  733  196  763  794  667  3.8929  4.0  3.4031  0.0  0.9232  1.099  14  18  11  617  3.148  1.188  13454
60  3  654  141  580  494  482  4.1135  3.0  3.4184  1.0  1.3239  1.3568  11  17  11  580  4.1135  1.1276  8551
60  3  603  141  723  540  606  5.1277  3.0  4.2979  0.0  1.1167  0.995  15  17  11  507  3.5957  1.1893  7088
60  3  776  132  632  502  633  4.7879  3.0  4.7955  1.0  1.5458  1.2259  13  18  11  457  3.4621  1.698  2567
60  3  673  99  483  551  476  4.8788  5.0  4.8081  1.0  1.2214  1.4139  14  18  11  449  4.5354  1.4989  138411
60  3  745  156  789  781  855  5.0577  5.0  5.4808  0.0  0.9539  0.8713  14  18  11  722  4.6282  1.0319  40025
60  3  671  123  758  854  543  6.1626  6.0  4.4146  0.0  0.7857  1.2357  13  18  11  690  5.6098  0.9725  91092
60  3  693  181  843  590  641  4.6575  3.0  3.5414  0.0  1.1746  1.0811  15  18  11  608  3.3591  1.1398  36806
60  3  785  229  803  870  940  3.5066  3.0  4.1048  0.0  0.9023  0.8351  17  18  11  681  2.9738  1.1527  75175
60  3  687  61  559  649  569  9.1639  10.0  9.3279  1.0  1.0586  1.2074  17  18  11  525  8.6066  1.3086  68928
60  3  653  94  511  554  531  5.4362  5.0  5.6489  1.0  1.1787  1.2298  14  18  11  453  4.8191  1.4415  98550
60  3  671  86  460  411  481  5.3488  4.0  5.593  1.0  1.6326  1.395  13  18  11  415  4.8256  1.6169  17270
60  3  728  176  760  662  706  4.3182  3.0  4.0114  0.0  1.0997  1.0312  14  18  11  760  4.3182  0.9579  13588
60  3  696  68  490  465  545  7.2059  6.0  8.0147  1.0  1.4968  1.2771  15  18  11  413  6.0735  1.6852  75114
60  4  1004  147  767  777  807  5.2177  5.0  5.4898  1.0  1.2921  1.2441  13  18  12  753  5.1224  1.3333  5054
60  4  1040  238  1164  927  830  4.8908  3.0  3.4874  0.0  1.1219  1.253  15  18  12  805  3.3824  1.2919  3936
60  4  1040  238  1164  927  830  4.8908  3.0  3.4874  0.0  1.1219  1.253  15  19  12  893  3.7521  1.1646  51014
60  4  1004  147  767  777  807  5.2177  5.0  5.4898  1.0  1.2921  1.2441  13  18  12  767  5.2177  1.309  7554
60  4  971  104  779  650  718  7.4904  6.0  6.9038  1.0  1.4938  1.3524  15  19  12  779  7.4904  1.2465  59317
60  4  971  104  779  650  718  7.4904  6.0  6.9038  1.0  1.4938  1.3524  14  18  12  680  6.5385  1.4279  22233
60  4  1035  232  769  976  821  3.3147  4.0  3.5388  1.0  1.0605  1.2607  15  18  12  662  2.8534  1.5634  59861
60  5  1079  276  1188  953  1186  4.3043  3.0  4.2971  0.0  1.1322  0.9098  16  19  13  1073  3.8877  1.0056  20192
60  5  1292  284  1169  1177  930  4.1162  4.0  3.2746  1.0  1.0977  1.3892  15  19  13  800  2.8169  1.615  4653
60  5  1203  123  854  958  955  6.9431  7.0  7.7642  1.0  1.2557  1.2597  18  19  14  808  6.5691  1.4889  28790
60  5  1172  128  1008  935  1018  7.875  7.0  7.9531  1.0  1.2535  1.1513  16  19  13  757  5.9141  1.5482  148764
60  5  1140  66  935  902  1063  14.1667  13.0  16.1061  1.0  1.2639  1.0724  19  20  14  895  13.5606  1.2737  33823
60  6  634  64  504  427  606  7.875  6.0  9.4688  1.0  1.4848  1.0462  20  20  15  504  7.875  1.2579  12429
60  6  576  53  485  456  499  9.1509  8.0  9.4151  1.0  1.2632  1.1543  20  20  15  474  8.9434  1.2152  18424
60  7  922  201  938  973  888  4.6667  4.0  4.4179  0.0  0.9476  1.0383  19  20  16  916  4.5572  1.0066  12121
60  7  791  91  600  569  546  6.5934  6.0  6.0  1.0  1.3902  1.4487  19  20  16  447  4.9121  1.7696  26480
60  7  897  241  816  1082  719  3.3859  4.0  2.9834  1.0  0.829  1.2476  17  20  15  751  3.1162  1.1944  66491
60  7  990  98  668  564  579  6.8163  5.0  5.9082  1.0  1.7553  1.7098  18  20  15  668  6.8163  1.482  12635
60  7  822  179  880  815  693  4.9162  4.0  3.8715  0.0  1.0086  1.1861  19  20  16  674  3.7654  1.2196  114372
