1  2  219
1  3  208
1  4  131
1  5  99
1  6  149
2  7  118
3  8  34
3  9  93
3  10  202
3  11  20
4  16  58
4  12  47
4  13  45
4  14  28
4  15  210
5  17  193
5  18  102
5  19  189
5  20  37
6  21  10
6  22  191
7  24  71
7  23  189
8  25  55
9  26  13
10  27  80
10  28  59
11  29  152
12  30  179
12  31  2
13  32  122
14  33  33
15  34  175
15  35  166
16  36  128
17  37  99
18  38  88
19  39  206
20  40  141
21  41  200
22  42  85
23  43  146
24  44  195
25  45  76
26  46  217
27  47  71
28  47  108
29  48  49
30  48  107
31  49  114
32  50  55
33  51  48
34  52  167
35  53  91
36  54  119
37  54  95
38  55  100
39  56  104
40  57  64
41  58  175
42  59  113
43  60  208
44  60  149
45  60  119
46  60  98
47  60  92
48  60  148
49  60  149
50  60  38
51  60  218
52  60  200
53  60  111
54  60  165
55  60  13
56  60  15
57  60  199
58  60  189
59  60  44
