1  2  14
1  3  30
1  4  189
1  5  193
2  6  206
2  7  31
3  8  74
3  9  158
4  10  180
4  11  101
5  12  24
5  13  202
5  14  8
6  16  105
6  17  171
6  15  15
7  18  130
7  19  136
7  20  197
8  24  197
8  21  210
8  22  14
8  23  9
9  25  151
9  26  203
10  27  178
10  28  47
10  29  96
10  30  1
11  31  128
12  32  197
12  33  49
13  34  154
14  35  72
14  36  98
15  37  177
16  37  41
17  37  81
18  38  175
19  39  142
20  40  86
21  41  153
22  41  2
23  42  159
24  43  50
25  44  25
26  45  158
27  46  150
28  46  210
29  46  212
30  46  62
31  46  28
32  46  61
33  47  47
34  47  23
35  48  120
36  48  107
37  49  120
38  50  57
39  51  90
40  52  185
41  53  116
42  54  204
43  55  182
44  56  26
45  56  166
46  57  23
47  58  46
48  59  66
49  60  118
50  60  22
51  60  102
52  60  134
53  60  158
54  60  97
55  60  181
56  60  79
57  60  13
58  60  147
59  60  73
