1  2  89
1  3  140
2  4  47
2  5  74
3  6  119
3  7  72
4  8  114
5  9  75
6  10  15
7  10  186
8  11  29
8  12  186
9  13  15
9  14  147
10  15  60
11  16  111
12  17  137
13  17  175
14  17  28
15  17  181
16  18  167
16  19  2
17  20  52
17  21  195
18  22  42
18  23  163
19  24  80
19  25  146
19  26  159
19  27  196
19  28  99
20  32  163
20  29  151
20  30  7
20  31  123
21  33  217
21  34  34
21  35  182
22  36  113
23  37  118
24  37  17
25  37  86
26  37  25
27  38  193
28  38  218
29  38  210
30  38  218
31  38  147
32  39  40
33  39  200
34  39  131
35  40  157
36  41  50
37  42  65
38  43  92
39  44  26
40  45  28
41  46  58
42  47  87
43  47  45
44  48  173
45  49  209
46  50  212
47  51  139
48  52  17
49  52  68
50  53  181
50  54  143
51  55  167
52  56  44
52  57  38
53  58  16
54  58  8
55  58  17
56  59  207
57  59  21
58  60  10
59  60  137
