16  14  14
24  21  25
4  4  4
18  20  20
4  3  3
11  10  12
5  4  4
13  16  16
23  20  23
2  2  2
13  11  10
2  2  1
14  18  18
15  16  15
20  25  25
20  16  16
6  6  6
14  14  16
25  25  24
9  12  10
11  13  10
15  12  15
12  12  9
21  17  21
12  12  13
17  14  17
6  6  7
12  12  13
9  8  9
10  8  10
5  5  6
10  10  10
13  16  16
10  10  8
13  11  13
19  23  21
5  5  5
3  2  2
18  18  16
12  10  13
22  24  21
11  12  13
3  2  2
3  3  4
15  15  13
15  15  15
16  18  18
5  6  6
5  5  4
2  2  1
19  19  17
12  12  10
8  7  8
6  5  6
23  22  25
5  5  4
20  22  22
8  7  8
7  7  6
3  2  3
