80  3  1165  101  795  759  899  7.8713  7.0  8.901  1.4654  1.5349  1.2959  28  31  19  795  7.8713  1.4654  7216
80  3  1272  195  1169  749  1080  5.9949  3.0  5.5385  1.0881  1.6983  1.1778  23  31  18  923  4.7333  1.3781  37325
80  3  1241  127  964  795  949  7.5906  6.0  7.4724  1.2873  1.561  1.3077  24  31  18  964  7.5906  1.2873  248419
80  3  1125  207  934  778  761  4.5121  3.0  3.6763  1.2045  1.446  1.4783  20  30  18  773  3.7343  1.4554  116211
80  3  1195  135  793  893  816  5.8741  6.0  6.0444  1.5069  1.3382  1.4645  26  31  19  698  5.1704  1.712  156650
80  3  1164  223  1320  1316  1200  5.9193  5.0  5.3812  0.8818  0.8845  0.97  37  31  19  1320  5.9193  0.8818  26747
80  4  959  168  990  694  692  5.8929  4.0  4.119  0.9687  1.3818  1.3858  25  31  20  732  4.3571  1.3101  74622
80  4  860  84  581  544  629  6.9167  6.0  7.4881  1.4802  1.5809  1.3672  27  32  20  581  6.9167  1.4802  11366
80  4  1026  165  776  589  755  4.703  3.0  4.5758  1.3222  1.7419  1.3589  22  31  20  776  4.703  1.3222  44630
80  5  1151  262  891  907  761  3.4008  3.0  2.9046  1.2918  1.269  1.5125  35  32  21  891  3.4008  1.2918  25723
80  5  1163  243  1152  1153  1064  4.7407  4.0  4.3786  1.0095  1.0087  1.093  29  33  22  1022  4.2058  1.138  94194
80  5  1163  243  1152  1153  1064  4.7407  4.0  4.3786  1.0095  1.0087  1.093  29  33  22  1152  4.7407  1.0095  49574
