1  2  101
1  3  69
1  4  208
1  5  65
1  6  54
2  7  210
3  8  57
4  9  4
4  10  93
5  11  206
5  12  191
6  13  140
6  14  132
6  15  195
7  16  191
8  17  2
9  18  40
10  19  134
11  20  87
12  21  156
13  22  48
14  23  65
15  24  199
16  25  30
16  26  187
16  27  47
17  28  31
17  29  78
17  30  1
17  31  57
18  32  211
18  33  54
18  34  153
19  35  196
19  36  9
19  37  13
20  40  129
20  41  176
20  38  11
20  39  150
21  42  108
21  43  135
21  44  204
22  45  207
22  46  63
22  47  80
23  48  217
23  49  123
23  50  112
23  51  98
23  52  11
24  53  45
24  54  192
25  55  177
26  55  33
27  56  214
28  56  126
29  56  116
30  57  172
31  57  203
32  58  177
33  58  181
34  58  90
35  58  126
36  58  24
37  58  94
38  59  156
39  60  47
40  60  43
41  61  18
42  62  116
43  62  22
44  63  11
45  63  70
46  64  65
47  64  43
48  65  89
49  65  70
50  66  129
51  66  134
52  66  179
53  66  164
54  67  138
55  68  26
56  69  130
57  70  43
58  71  20
59  72  219
60  73  123
61  74  141
62  75  27
63  76  166
64  77  40
65  77  57
66  78  68
67  79  59
68  80  82
69  80  176
70  80  20
71  80  118
72  80  201
73  80  178
74  80  12
75  80  172
76  80  112
77  80  121
78  80  96
79  80  189
