12  13  12  14
9  7  8  9
8  9  11  10
18  21  20  16
18  17  19  20
21  23  23  21
2  2  1  2
2  3  2  3
10  8  8  8
5  4  5  4
16  16  20  17
19  15  15  16
22  20  23  21
7  7  7  9
14  13  13  13
16  17  15  14
3  2  2  3
20  21  17  21
8  7  8  8
11  10  11  11
10  10  10  9
5  4  5  4
15  12  12  15
20  17  19  16
5  6  5  6
23  19  18  19
25  25  21  23
21  19  18  21
13  11  13  12
19  15  18  16
3  4  3  4
11  9  9  10
16  15  16  13
19  21  22  22
17  14  14  15
20  21  19  18
17  17  16  16
19  20  18  20
5  4  4  4
6  6  7  7
8  8  9  8
5  6  5  6
20  20  17  15
18  19  22  17
15  14  16  16
18  15  18  17
19  17  19  19
7  6  7  6
4  4  3  4
21  23  21  24
25  21  23  20
7  6  7  7
2  1  2  1
21  17  21  21
1  1  2  1
22  22  21  24
18  14  15  17
9  7  8  8
7  6  7  7
7  7  7  6
6  6  6  5
17  15  16  17
15  14  15  13
15  16  18  14
3  4  3  3
8  8  7  8
16  15  16  17
17  17  15  18
9  9  7  7
23  21  18  20
15  16  17  18
6  6  6  6
17  17  17  15
14  15  17  14
18  19  17  19
21  20  19  22
19  22  22  19
11  13  14  13
20  21  16  16
15  14  14  14
