1  2  191
1  3  215
1  4  85
2  5  31
3  6  107
3  7  207
4  8  43
5  9  296
6  10  64
7  11  26
7  12  284
8  13  238
9  14  216
9  15  24
10  16  182
11  17  246
11  18  159
12  19  116
13  20  182
13  21  23
13  22  275
14  23  161
15  24  206
16  25  216
16  26  58
17  27  52
17  28  209
17  29  132
18  30  74
18  31  143
19  32  127
20  33  214
21  34  3
21  35  55
22  36  61
23  37  140
24  37  173
25  37  288
26  38  1
27  39  77
28  39  304
29  40  212
30  40  10
31  40  220
32  40  34
33  40  11
34  41  37
35  42  11
36  42  83
37  43  292
38  44  198
39  45  90
40  45  223
41  46  41
42  47  209
43  48  32
44  48  148
45  48  242
46  49  181
47  50  277
48  51  295
48  52  208
49  56  277
49  53  265
49  54  195
49  55  83
50  57  311
50  58  174
50  59  71
51  60  268
52  60  71
53  60  93
54  60  126
55  60  153
56  60  149
57  60  105
58  60  275
59  60  258
