1  2  259
1  3  316
2  8  42
2  4  131
2  5  243
2  6  254
2  7  236
3  9  113
3  10  27
3  11  167
3  12  311
3  13  143
4  14  186
4  15  273
5  16  57
5  17  95
5  18  12
5  19  252
5  20  61
6  24  52
6  21  234
6  22  96
6  23  286
7  25  24
7  26  189
7  27  3
8  28  135
8  29  222
9  32  134
9  33  1
9  30  292
9  31  251
10  34  48
10  35  40
11  36  198
11  37  272
12  38  214
13  40  270
13  39  214
14  41  131
15  41  117
16  41  282
17  42  84
18  42  90
19  42  130
20  42  313
21  42  117
22  42  1
23  43  200
24  43  257
25  43  200
26  44  156
27  44  220
28  45  241
29  45  188
30  45  15
31  46  306
32  46  261
33  46  10
34  46  82
35  46  319
36  47  63
37  48  241
38  49  142
39  49  315
40  49  296
41  50  5
42  51  165
43  52  122
44  53  294
45  54  111
46  55  186
47  56  248
47  57  245
48  58  7
49  59  142
50  60  147
51  60  192
52  60  90
53  60  163
54  60  224
55  60  109
56  60  154
57  60  162
58  60  312
59  60  278
