32  25  28  30
11  11  13  13
26  26  22  21
29  39  32  25
15  10  13  15
32  30  23  29
36  35  27  36
32  23  25  20
7  8  8  9
16  13  15  12
32  27  30  26
12  11  12  13
32  34  32  27
32  32  26  33
37  23  26  31
20  18  20  29
15  22  17  17
10  12  11  8
22  24  26  18
5  5  6  6
19  19  21  14
25  21  24  18
7  4  5  5
6  8  5  6
12  14  15  11
11  14  9  14
14  12  20  15
1  1  2  2
28  30  24  26
19  20  16  13
15  17  21  15
6  7  4  5
37  32  26  35
2  3  3  2
14  21  22  14
27  29  30  28
3  2  3  3
26  32  36  40
39  39  27  25
5  6  7  5
10  7  7  9
5  4  5  4
17  18  16  21
6  8  9  6
14  13  9  14
1  2  1  1
8  6  9  6
4  3  4  5
11  11  8  11
22  23  19  23
16  11  16  10
5  5  8  8
10  8  7  12
32  38  28  35
25  38  36  35
11  8  10  9
23  32  30  25
2  2  3  2
20  27  17  18
20  33  27  31
