14  22  34  40
8  13  18  11
6  5  5  3
19  39  21  34
23  15  11  19
12  16  8  7
13  14  19  20
3  2  2  1
1  1  1  2
5  7  7  5
39  30  35  23
20  35  33  21
42  41  23  30
11  14  13  11
26  22  28  28
23  29  20  28
3  2  6  4
25  24  15  19
18  26  19  24
4  4  8  5
22  35  33  37
12  11  11  16
37  35  28  32
20  19  12  7
16  14  22  17
1  1  1  2
7  4  5  4
21  18  30  12
15  12  9  7
19  25  27  38
6  8  9  4
4  3  6  2
9  20  16  8
31  15  20  32
6  7  8  7
3  1  2  2
1  1  1  1
36  16  46  16
23  13  15  13
32  15  31  13
25  25  34  32
31  23  37  34
10  14  6  12
25  27  20  38
39  26  43  42
9  8  6  4
2  4  4  2
26  27  18  23
13  34  35  16
1  2  2  1
6  13  11  14
12  26  21  18
19  23  22  11
8  10  4  9
17  24  27  23
21  12  17  17
37  25  37  35
6  9  12  10
19  26  21  10
6  7  7  8
