1  2  33
1  3  51
1  4  19
2  5  136
3  6  148
3  7  230
4  8  104
5  9  147
6  10  61
7  11  308
7  12  161
8  13  187
9  14  317
10  15  98
11  16  206
12  17  108
13  18  161
14  19  211
15  20  194
16  21  7
17  22  19
18  23  166
19  24  185
20  25  154
21  26  319
22  26  61
23  27  119
24  28  22
25  29  167
25  30  202
26  31  287
27  32  236
27  33  261
27  34  297
28  35  88
29  35  95
30  36  67
31  36  214
32  37  3
33  38  78
34  39  196
35  40  274
36  41  4
36  42  8
37  43  47
38  44  198
39  45  151
40  46  262
41  47  237
42  47  164
43  48  178
44  49  182
45  50  236
46  51  169
47  52  82
48  52  74
49  53  245
50  54  189
51  55  220
52  56  309
52  57  308
53  58  249
54  59  265
55  60  228
56  60  38
57  60  184
58  60  120
59  60  293
