26  17  24  35
17  30  22  28
3  3  5  3
25  24  20  29
11  14  14  18
3  3  3  6
1  2  1  1
14  15  11  11
26  38  42  30
34  24  33  31
17  11  11  9
6  6  5  5
12  7  12  6
7  9  8  11
14  19  15  26
2  4  3  2
19  23  25  16
6  7  4  4
25  19  19  21
25  17  29  23
16  18  16  29
34  23  30  34
3  2  2  2
2  2  2  2
3  3  6  3
14  14  19  24
22  25  24  18
18  21  27  26
26  30  18  27
3  5  5  6
11  17  18  15
4  4  7  5
5  6  4  6
5  6  6  4
23  40  26  32
12  22  25  14
4  7  8  6
17  27  36  28
4  9  8  8
26  22  29  26
30  19  39  26
25  42  30  34
25  28  26  27
25  17  32  21
11  13  14  10
9  8  7  9
6  6  6  10
18  14  25  18
25  16  31  25
5  4  5  3
31  19  23  37
33  37  30  21
7  8  8  9
19  32  27  18
2  3  2  3
19  19  16  24
6  9  7  11
27  15  19  16
6  4  3  5
16  21  18  25
