1  2  77
1  3  3
1  4  89
2  5  96
3  6  56
4  8  34
4  9  85
4  7  19
5  10  133
6  11  151
7  12  130
7  13  72
8  14  98
9  15  149
10  16  7
11  17  82
12  18  154
13  19  10
14  20  116
15  21  112
16  22  1
17  22  93
18  23  1
19  24  46
20  24  31
21  25  68
22  26  120
23  27  127
24  28  142
25  29  17
25  30  93
25  31  19
26  32  152
27  33  83
28  34  68
29  35  79
30  36  113
31  37  142
32  38  88
33  39  23
34  40  94
35  40  128
36  40  35
37  41  73
38  42  95
39  43  85
40  44  87
41  45  67
42  46  95
43  47  126
44  48  80
45  49  3
45  50  110
46  51  23
47  51  79
48  52  124
49  52  3
50  53  77
51  54  60
52  55  96
53  56  132
54  57  57
55  58  75
56  59  81
57  60  128
58  60  142
59  60  37
