1  2  315
1  3  114
1  4  182
1  5  75
2  8  23
2  9  353
2  10  282
2  6  152
2  7  258
3  11  309
4  12  376
4  13  333
5  16  283
5  17  38
5  14  374
5  15  247
6  18  239
6  19  247
6  20  27
6  21  277
7  22  6
7  23  29
8  24  185
8  25  184
9  26  1
9  27  369
9  28  85
9  29  274
9  30  30
10  31  6
11  32  275
11  33  225
11  34  118
11  35  23
12  36  196
12  37  382
13  38  106
13  39  61
14  40  42
15  41  86
15  42  270
16  43  61
16  44  81
17  45  96
18  46  337
19  46  2
20  46  278
21  46  231
22  47  180
23  48  366
24  48  353
25  49  359
26  50  227
27  51  9
28  51  268
29  52  163
30  52  186
31  52  12
32  53  298
33  53  249
34  54  157
35  55  244
36  55  281
37  55  364
38  56  29
39  56  205
40  57  32
41  57  182
42  58  316
43  59  392
44  59  71
45  59  187
46  60  126
47  60  251
48  60  352
49  60  25
50  60  181
51  60  79
52  60  382
53  60  101
54  60  395
55  60  246
56  60  328
57  60  102
58  60  360
59  60  219
