1  2  51
1  3  191
1  4  268
1  5  303
1  6  9
2  8  8
2  7  340
3  9  142
3  10  162
4  11  316
4  12  43
5  13  359
6  14  42
6  15  246
7  16  195
7  17  199
7  18  230
7  19  375
8  20  237
8  21  380
8  22  94
9  24  110
9  25  369
9  23  291
10  26  276
10  27  353
10  28  28
10  29  294
10  30  364
11  32  322
11  33  67
11  34  327
11  31  387
12  35  29
12  36  160
12  37  289
13  38  92
13  39  182
14  40  81
14  41  325
14  42  293
15  43  107
16  44  361
17  44  353
18  44  249
19  44  264
20  45  231
21  45  353
22  45  24
23  45  377
24  45  392
25  46  186
26  46  339
27  47  234
28  47  13
29  47  166
30  47  219
31  47  179
32  48  248
33  48  387
34  49  272
35  49  300
36  50  285
37  50  365
38  51  280
39  51  328
40  51  363
41  52  162
42  52  322
43  52  249
44  53  33
45  54  390
46  55  274
47  56  142
48  56  101
49  56  170
50  57  148
51  58  172
52  59  18
53  60  158
54  60  399
55  60  27
56  60  261
57  60  79
58  60  278
59  60  211
