1  2  157
1  3  82
1  4  166
2  5  168
2  6  150
3  7  15
4  8  16
4  9  197
5  10  219
5  11  104
5  12  86
6  13  136
6  14  216
6  15  65
7  16  34
8  17  12
9  18  71
9  19  98
10  20  170
11  21  49
12  22  144
13  23  197
14  24  175
15  25  45
15  26  19
16  27  125
17  28  81
18  29  154
19  30  107
20  31  47
21  31  219
22  31  40
23  32  144
24  33  130
25  34  131
26  34  96
27  34  160
28  34  45
29  35  31
30  35  205
31  36  124
32  37  204
33  38  218
34  39  15
35  39  120
36  40  149
37  40  59
38  40  87
39  40  171
