1  2  54
1  3  123
1  4  177
2  5  133
3  8  22
3  6  175
3  7  70
4  9  150
4  10  208
5  11  100
6  12  119
7  12  216
8  12  7
9  13  190
10  14  5
11  15  99
12  16  135
13  17  189
14  18  202
15  19  127
15  20  60
15  21  110
16  22  203
16  23  78
17  24  59
17  25  2
18  26  102
18  27  33
19  28  184
20  28  112
21  29  7
22  30  166
23  30  122
24  30  92
25  31  119
26  32  159
27  32  52
28  33  97
29  34  152
30  35  78
31  36  16
32  37  151
33  38  86
34  38  10
35  39  211
36  39  203
37  39  199
38  40  161
39  40  145
