1  2  134
1  3  159
1  4  29
1  5  130
1  6  16
2  7  113
3  8  78
4  9  19
5  10  115
6  10  73
7  11  115
8  12  167
9  12  151
10  13  173
11  16  23
11  17  103
11  14  108
11  15  6
12  18  200
12  19  128
12  20  101
12  21  49
13  24  218
13  25  183
13  22  3
13  23  122
14  26  163
15  26  167
16  26  161
17  26  74
18  26  143
19  26  212
20  27  5
21  27  50
22  27  131
23  27  187
24  27  105
25  27  155
26  28  130
26  29  60
27  30  49
28  31  162
29  32  103
30  33  152
31  34  169
32  35  4
33  36  191
34  37  25
35  38  37
36  39  188
37  40  32
38  40  92
39  40  118
