1  2  60
1  3  150
1  4  35
1  5  109
2  6  65
3  8  216
3  9  134
3  10  180
3  7  212
4  11  95
4  12  59
5  13  113
6  16  170
6  14  198
6  15  209
7  17  160
7  18  92
7  19  94
7  20  158
7  21  70
8  24  120
8  22  202
8  23  169
9  25  182
9  26  27
9  27  14
10  28  218
11  29  111
12  30  153
13  31  156
14  32  95
15  32  148
16  33  156
17  33  36
18  33  149
19  33  201
20  34  92
21  35  104
22  36  146
23  36  9
24  36  8
25  36  188
26  37  150
27  37  32
28  37  86
29  38  94
30  39  182
31  39  87
32  40  137
33  40  38
34  40  145
35  40  138
36  40  2
37  40  15
38  40  208
39  40  140
