1  2  147
1  3  99
1  4  123
2  5  214
2  6  62
3  7  183
4  8  95
4  9  204
4  10  16
4  11  127
5  12  89
5  13  160
5  14  191
6  16  139
6  15  42
7  17  135
7  18  75
8  19  41
8  20  122
9  24  38
9  21  204
9  22  153
9  23  136
10  25  172
10  26  68
10  27  105
11  28  209
11  29  75
12  30  143
13  30  211
14  31  130
15  31  9
16  31  47
17  31  95
18  31  175
19  31  39
20  31  56
21  31  177
22  32  2
23  32  159
24  32  103
25  32  192
26  32  56
27  33  162
28  33  64
29  33  113
30  34  178
30  35  63
31  36  119
32  37  19
33  38  28
33  39  181
34  40  101
35  40  108
36  40  193
37  40  21
38  40  8
39  40  194
