1  2  14
1  3  156
1  4  71
1  5  73
1  6  85
2  7  5
3  7  196
4  8  181
5  9  194
6  9  136
7  10  192
8  11  124
9  12  122
10  16  32
10  13  46
10  14  147
10  15  168
11  17  138
11  18  71
11  19  84
12  20  87
12  21  139
12  22  180
12  23  5
13  24  193
14  24  86
15  24  4
16  24  184
17  24  51
18  24  79
19  24  68
20  24  30
21  25  120
22  25  89
23  25  130
24  26  121
25  27  40
26  28  177
27  29  129
28  30  129
29  31  100
30  32  58
30  33  52
31  34  117
31  35  72
32  36  20
33  36  107
34  36  134
35  37  196
36  38  157
37  39  177
38  40  70
39  40  129
