1  2  181
1  3  178
1  4  140
1  5  105
1  6  53
2  7  124
3  8  155
4  9  88
4  10  145
5  11  164
5  12  78
6  13  167
6  14  119
6  15  160
7  16  121
8  17  109
8  18  97
9  19  170
10  20  87
10  21  181
11  22  157
12  23  14
13  24  42
14  25  40
15  26  158
16  27  67
17  28  109
18  29  31
19  30  116
20  31  135
21  31  146
22  31  134
23  32  120
24  32  81
25  33  10
26  33  25
27  34  73
28  35  140
29  36  12
30  36  132
31  37  21
32  38  118
33  39  127
34  40  88
35  40  86
36  40  79
37  40  68
38  40  104
39  40  160
