11  9  20  10
14  7  7  10
12  8  11  11
14  13  22  17
17  10  12  17
22  16  20  21
9  18  13  15
6  14  9  5
9  6  3  8
2  1  2  2
17  8  17  14
10  16  17  14
17  16  21  19
10  10  4  10
17  20  8  14
18  23  20  26
13  12  8  21
13  10  17  20
5  4  5  6
14  23  10  10
17  12  9  9
12  25  15  19
12  14  24  10
4  4  3  8
16  24  13  22
14  22  19  16
11  20  11  27
9  11  11  9
15  9  12  6
26  29  25  21
17  17  20  14
5  5  3  3
24  19  13  10
13  11  25  25
11  10  5  9
28  11  19  23
14  15  6  5
4  8  4  10
21  25  18  26
1  2  1  3
