1  2  67
1  3  6
2  4  22
2  5  189
2  6  101
2  7  84
3  8  70
3  9  106
4  10  66
5  11  86
6  11  197
7  12  26
8  13  65
9  14  182
10  15  175
11  16  16
12  17  83
13  18  101
14  18  47
15  19  38
16  20  102
17  21  94
18  24  94
18  22  21
18  23  148
19  25  171
20  26  164
21  27  139
22  28  28
23  29  40
24  30  196
25  31  94
26  31  75
27  32  181
28  33  114
29  34  154
30  34  192
31  35  27
32  36  45
32  37  36
33  38  2
34  39  181
35  40  168
36  40  82
37  40  171
38  40  153
39  40  74
