5  6  5  5
8  9  9  9
7  7  6  7
3  2  2  3
17  18  18  18
15  14  14  15
15  15  15  16
2  2  2  1
5  5  5  6
12  11  12  11
6  6  6  6
3  4  3  4
8  9  9  9
19  21  20  21
10  10  10  9
4  4  4  4
10  10  10  10
13  14  13  13
4  4  4  4
11  11  12  11
4  3  4  4
18  18  18  18
19  19  18  18
2  2  3  3
8  7  8  8
18  19  18  19
13  13  13  13
9  8  9  9
9  8  8  8
6  6  5  5
4  4  5  4
15  16  16  15
10  11  10  11
11  12  12  11
9  10  9  10
17  16  17  16
8  8  8  8
15  14  15  14
19  18  19  19
17  17  17  16
