3  3  5  3
2  1  1  2
4  6  6  7
2  2  3  3
7  7  7  4
13  11  12  11
20  16  12  14
6  6  4  5
7  7  5  6
13  10  9  11
20  13  13  17
17  18  21  22
8  8  6  7
3  4  3  5
11  14  12  10
18  19  16  19
7  5  5  4
14  19  19  19
5  4  7  7
7  7  9  9
13  10  14  9
5  6  8  7
18  19  25  20
14  21  18  21
13  18  19  18
11  15  13  10
16  16  19  13
9  9  11  10
13  8  12  9
18  18  13  17
5  7  8  6
3  5  5  4
19  20  14  20
8  8  8  5
4  3  5  5
12  11  12  8
16  16  11  12
14  9  13  10
12  10  13  12
17  13  18  17
