1  2  13
1  3  155
2  4  11
3  5  190
3  6  4
4  7  191
5  8  160
5  9  82
6  10  1
7  11  146
8  11  184
9  11  59
10  12  110
11  13  24
11  14  174
12  16  155
12  17  185
12  15  174
13  18  167
13  19  61
13  20  110
14  21  142
14  22  47
15  23  11
16  24  161
16  25  22
17  26  160
17  27  74
18  28  125
19  28  73
20  28  147
21  29  198
22  29  193
23  29  63
24  30  103
25  30  114
26  30  142
27  30  99
28  31  174
29  31  188
30  32  47
31  33  146
31  34  54
31  35  42
32  36  105
33  37  157
34  37  107
35  38  92
36  39  99
37  40  126
38  40  5
39  40  140
