1  2  197
1  3  2
2  4  33
2  5  198
2  6  190
3  8  125
3  9  160
3  10  142
3  11  97
3  7  99
4  12  52
4  13  144
5  14  157
6  15  113
7  16  177
8  17  142
9  18  95
9  19  139
9  20  80
10  21  10
11  22  118
12  23  13
13  24  170
14  25  170
15  26  23
16  27  130
17  28  199
18  29  121
19  30  139
20  31  144
21  32  173
22  33  187
23  34  86
24  35  135
25  36  93
26  37  116
27  37  37
28  37  144
29  37  110
30  37  81
31  38  139
32  38  177
33  39  179
34  40  161
35  40  152
36  40  147
37  40  145
38  40  19
39  40  81
