40  438  59  434  464  7.3559  7.8644  1.0092  0.944  10  10
40  408  143  409  572  2.8601  4.0  0.9976  0.7133  10  20
40  365  72  265  218  3.6806  3.0278  1.3774  1.6743  10  20
40  459  78  414  312  5.3077  4.0  1.1087  1.4712  10  30
40  495  178  610  579  3.427  3.2528  0.8115  0.8549  10  10
40  401  72  440  425  6.1111  5.9028  0.9114  0.9435  10  20
40  506  99  555  614  5.6061  6.202  0.9117  0.8241  20  30
40  485  85  463  400  5.4471  4.7059  1.0475  1.2125  20  25
40  458  96  503  604  5.2396  6.2917  0.9105  0.7583  10  10
40  492  88  395  337  4.4886  3.8295  1.2456  1.4599  20  20
40  443  133  470  450  3.5338  3.3835  0.9426  0.9844  10  30
40  464  94  388  345  4.1277  3.6702  1.1959  1.3449  10  10
40  467  104  357  266  3.4327  2.5577  1.3081  1.7556  10  20
40  571  150  600  435  4.0  2.9  0.9517  1.3126  10  10
40  510  112  338  336  3.0179  3.0  1.5089  1.5179  10  30
40  496  88  509  480  5.7841  5.4545  0.9745  1.0333  10  20
40  412  119  434  363  3.6471  3.0504  0.9493  1.135  20  30
40  397  123  610  509  4.9593  4.1382  0.6508  0.78  10  20
40  427  78  476  436  6.1026  5.5897  0.8971  0.9794  10  10
40  527  127  526  527  4.1417  4.1496  1.0019  1.0  10  20
40  502  114  575  449  5.0439  3.9386  0.873  1.118  10  10
40  408  127  395  388  3.1102  3.0551  1.0329  1.0515  20  20
40  425  25  363  332  14.52  13.28  1.1708  1.2801  20  20
40  418  93  276  283  2.9677  3.043  1.5145  1.477  10  30
40  406  64  395  407  6.1719  6.3594  1.0278  0.9975  20  20
40  363  43  351  385  8.1628  8.9535  1.0342  0.9429  10  34
40  407  132  394  552  2.9848  4.1818  1.033  0.7373  20  20
40  430  55  367  365  6.6727  6.6364  1.1717  1.1781  20  30
40  390  128  282  243  2.2031  1.8984  1.383  1.6049  20  20
40  403  117  312  326  2.6667  2.7863  1.2917  1.2362  20  30
40  432  121  475  475  3.9256  3.9256  0.9095  0.9095  20  30
40  441  106  482  459  4.5472  4.3302  0.9149  0.9608  20  20
40  389  76  438  353  5.7632  4.6447  0.8881  1.102  20  20
40  442  131  356  397  2.7176  3.0305  1.2416  1.1134  20  20
40  311  54  346  328  6.4074  6.0741  0.8988  0.9482  10  10
40  295  77  346  430  4.4935  5.5844  0.8526  0.686  20  10
40  370  135  339  360  2.5111  2.6667  1.0914  1.0278  10  10
40  318  97  395  336  4.0722  3.4639  0.8051  0.9464  20  30
40  311  66  352  408  5.3333  6.1818  0.8835  0.7623  20  30
40  317  100  348  507  3.48  5.07  0.9109  0.6252  20  20
40  375  110  339  286  3.0818  2.6  1.1062  1.3112  20  30
40  337  134  289  259  2.1567  1.9328  1.1661  1.3012  20  20
40  334  89  324  357  3.6404  4.0112  1.0309  0.9356  20  30
40  355  115  421  346  3.6609  3.0087  0.8432  1.026  10  20
40  343  44  385  362  8.75  8.2273  0.8909  0.9475  30  33
40  381  87  338  321  3.8851  3.6897  1.1272  1.1869  10  20
40  318  53  283  261  5.3396  4.9245  1.1237  1.2184  20  20
40  323  69  282  352  4.087  5.1014  1.1454  0.9176  20  30
40  328  54  312  287  5.7778  5.3148  1.0513  1.1429  10  12
40  395  67  415  405  6.194  6.0448  0.9518  0.9753  30  20
40  377  59  242  222  4.1017  3.7627  1.5579  1.6982  20  20
40  334  65  361  248  5.5538  3.8154  0.9252  1.3468  10  20
40  399  87  465  452  5.3448  5.1954  0.8581  0.8827  30  20
40  436  135  384  358  2.8444  2.6519  1.1354  1.2179  10  10
40  431  121  459  308  3.7934  2.5455  0.939  1.3994  20  20
40  456  136  528  550  3.8824  4.0441  0.8636  0.8291  20  30
40  418  76  493  410  6.4868  5.3947  0.8479  1.0195  20  20
40  454  131  654  394  4.9924  3.0076  0.6942  1.1523  30  20
40  452  131  357  346  2.7252  2.6412  1.2661  1.3064  10  20
40  497  134  549  568  4.097  4.2388  0.9053  0.875  30  30
40  533  65  460  431  7.0769  6.6308  1.1587  1.2367  20  30
40  439  130  477  514  3.6692  3.9538  0.9203  0.8541  20  30
40  386  27  389  427  14.4074  15.8148  0.9923  0.904  30  40
40  452  89  519  506  5.8315  5.6854  0.8709  0.8933  20  20
40  426  76  294  252  3.8684  3.3158  1.449  1.6905  30  29
40  477  74  520  424  7.027  5.7297  0.9173  1.125  24  30
40  472  79  330  309  4.1772  3.9114  1.4303  1.5275  20  10
40  499  72  500  624  6.9444  8.6667  0.998  0.7997  50  20
40  591  78  574  559  7.359  7.1667  1.0296  1.0572  30  30
40  637  92  625  477  6.7935  5.1848  1.0192  1.3354  20  40
40  568  149  662  472  4.443  3.1678  0.858  1.2034  20  20
40  555  108  536  373  4.963  3.4537  1.0354  1.4879  30  30
40  431  83  479  313  5.7711  3.7711  0.8998  1.377  20  20
40  592  122  683  558  5.5984  4.5738  0.8668  1.0609  20  30
40  515  91  494  535  5.4286  5.8791  1.0425  0.9626  10  30
40  527  149  659  559  4.4228  3.7517  0.7997  0.9428  20  10
40  558  102  487  430  4.7745  4.2157  1.1458  1.2977  30  20
40  519  95  538  535  5.6632  5.6316  0.9647  0.9701  30  33
40  504  79  488  496  6.1772  6.2785  1.0328  1.0161  20  20
40  487  153  633  721  4.1373  4.7124  0.7694  0.6755  20  20
40  513  83  573  505  6.9036  6.0843  0.8953  1.0158  20  10
40  553  196  563  646  2.8724  3.2959  0.9822  0.856  10  16
40  563  99  494  490  4.9899  4.9495  1.1397  1.149  10  20
40  501  115  578  568  5.0261  4.9391  0.8668  0.882  20  20
