80  3  1165  101  795  759  899  7.8713  7.0  8.901  1.4654  1.5349  1.2959  48  26  16  795  7.8713  1.4654  10341
80  3  1272  195  1169  749  1080  5.9949  3.0  5.5385  1.0881  1.6983  1.1778  21  26  15  898  4.6051  1.4165  37022
80  3  1241  127  964  795  949  7.5906  6.0  7.4724  1.2873  1.561  1.3077  35  26  16  944  7.4331  1.3146  183806
80  3  1125  207  934  778  761  4.5121  3.0  3.6763  1.2045  1.446  1.4783  34  25  15  804  3.8841  1.3993  18961
80  3  1195  135  793  893  816  5.8741  6.0  6.0444  1.5069  1.3382  1.4645  36  26  15  678  5.0222  1.7625  435475
80  3  1164  223  1320  1316  1200  5.9193  5.0  5.3812  0.8818  0.8845  0.97  34  25  15  1320  5.9193  0.8818  146113
80  4  959  168  990  694  692  5.8929  4.0  4.119  0.9687  1.3818  1.3858  32  26  18  710  4.2262  1.3507  120455
80  4  860  84  581  544  629  6.9167  6.0  7.4881  1.4802  1.5809  1.3672  36  27  17  581  6.9167  1.4802  4003
80  4  1026  165  776  589  755  4.703  3.0  4.5758  1.3222  1.7419  1.3589  38  29  17  776  4.703  1.3222  76737
80  5  1151  262  891  907  761  3.4008  3.0  2.9046  1.2918  1.269  1.5125  20  27  20  891  3.4008  1.2918  10355
80  5  1163  243  1152  1153  1064  4.7407  4.0  4.3786  1.0095  1.0087  1.093  42  27  19  1005  4.1358  1.1572  288416
80  5  1163  243  1152  1153  1064  4.7407  4.0  4.3786  1.0095  1.0087  1.093  41  26  18  1082  4.4527  1.0749  11952
