29  32  29  31  32
26  28  26  29  27
19  19  20  19  21
10  11  10  11  10
31  31  31  30  31
24  24  26  24  25
23  23  23  24  24
25  28  28  25  28
25  26  25  25  27
18  18  18  18  17
22  25  22  23  24
14  14  13  14  13
10  10  11  11  11
18  17  17  18  17
14  15  15  15  14
3  3  3  3  2
33  36  34  36  34
18  19  19  19  18
12  11  12  12  11
7  7  6  7  7
17  17  16  16  17
8  8  8  8  9
13  12  12  12  12
24  23  24  26  26
24  24  26  27  27
23  24  22  22  24
29  27  30  28  27
24  24  23  25  22
24  23  26  26  25
37  36  37  38  36
15  15  16  15  16
19  19  18  18  18
22  21  21  23  21
21  20  21  21  19
34  34  36  37  34
34  36  34  33  34
20  19  21  20  19
29  29  27  29  27
31  29  32  31  30
8  8  8  8  7
17  17  17  17  18
14  15  14  14  14
27  25  25  28  27
33  31  32  33  34
4  5  4  4  4
2  2  1  2  2
36  36  38  37  36
11  11  11  12  12
19  18  18  19  18
15  15  15  15  14
20  21  20  21  23
37  38  35  37  38
38  38  36  35  38
34  33  36  33  36
12  13  13  12  13
7  8  8  8  8
11  12  11  11  12
33  34  36  36  33
18  18  19  19  18
19  20  20  20  19
3  3  3  2  3
25  28  26  28  25
3  3  3  3  3
5  6  6  6  6
18  19  18  19  18
4  3  4  4  3
37  36  37  36  35
20  23  21  21  23
2  2  1  1  1
32  32  30  30  33
36  38  37  35  38
6  5  5  5  6
29  26  28  26  29
26  29  28  29  26
24  22  23  22  21
10  11  11  11  11
3  3  4  4  4
21  21  22  20  23
36  35  35  34  37
30  32  31  31  31
32  31  30  33  31
34  34  34  37  35
30  29  28  30  28
28  29  30  29  29
18  18  19  19  18
19  20  19  20  19
17  17  16  17  17
7  7  8  8  7
36  38  38  38  37
25  26  28  28  27
12  12  12  11  12
27  27  29  28  30
33  32  32  32  34
28  26  28  25  27
32  32  30  29  32
15  16  16  15  15
10  10  10  9  9
32  29  30  30  32
4  3  3  4  4
21  21  21  22  22
