1  2  316
1  3  93
2  8  255
2  4  48
2  5  244
2  6  190
2  7  158
3  9  197
3  10  6
3  11  23
3  12  80
4  13  105
5  14  280
6  14  96
7  14  87
8  14  33
9  15  249
10  15  130
11  16  312
12  16  316
13  17  347
14  18  151
14  19  151
14  20  344
15  21  215
16  22  105
16  23  139
17  24  137
18  24  289
19  25  346
20  26  89
21  27  306
22  27  350
23  28  308
24  29  145
25  30  118
25  31  171
26  32  109
27  33  190
28  34  80
29  35  41
30  35  266
31  36  101
32  36  212
33  36  111
34  37  89
35  38  295
36  40  183
36  41  302
36  39  199
37  42  311
37  43  169
37  44  256
38  45  223
39  46  38
39  47  120
40  48  259
40  49  190
41  50  65
41  51  146
41  52  45
42  53  252
42  54  61
42  55  13
43  56  358
43  57  50
43  58  4
44  59  237
45  60  13
46  60  282
47  60  276
48  60  320
49  61  294
50  61  141
51  61  276
52  61  86
53  62  212
54  62  252
55  62  100
56  62  119
57  62  202
58  63  100
59  63  24
60  64  182
60  65  339
61  66  84
61  67  169
61  68  37
61  69  237
62  70  208
63  72  194
63  71  112
64  73  19
65  74  28
66  75  166
67  75  101
68  76  266
69  76  237
70  76  303
71  77  314
72  77  4
73  78  117
74  79  72
75  80  260
76  81  26
76  82  304
77  83  270
78  84  36
79  84  93
80  85  350
81  86  345
82  87  75
83  88  249
84  89  146
85  89  215
86  89  132
87  90  320
88  90  236
89  91  311
89  92  262
89  93  287
90  96  109
90  94  112
90  95  154
91  97  123
92  98  101
93  98  275
94  99  155
95  99  125
96  99  119
97  100  124
98  100  235
99  100  248
