16  17  17  16  18  16  18
13  12  13  11  11  11  11
18  15  15  15  16  15  18
19  18  20  15  18  19  20
26  25  25  24  25  21  26
2  3  3  3  2  3  3
18  21  22  22  19  21  19
14  16  17  16  14  18  15
14  13  15  15  15  12  15
12  12  13  15  13  13  12
14  16  16  16  14  17  15
4  4  4  3  3  3  3
6  6  7  6  6  6  6
9  11  9  12  11  9  10
19  16  18  21  16  18  18
30  25  30  28  31  28  26
2  3  2  3  3  3  3
24  24  22  27  26  25  27
8  7  7  8  7  8  8
4  3  3  4  3  4  4
20  20  21  21  22  21  21
23  27  27  27  28  30  27
5  4  5  5  4  5  4
12  11  14  14  14  11  14
15  15  15  18  16  15  16
28  24  24  26  24  25  30
27  23  24  25  22  22  27
3  3  2  3  3  3  3
8  9  11  11  9  10  10
28  25  25  24  25  30  23
15  14  15  14  15  15  15
25  28  26  29  25  30  29
6  6  6  5  6  5  6
7  7  9  9  7  8  7
31  29  29  26  28  31  27
8  8  9  9  11  11  11
7  7  6  6  6  6  6
11  12  11  12  12  11  10
25  29  25  23  25  28  26
14  14  15  12  13  13  12
20  18  18  21  20  20  18
7  7  7  7  6  7  6
5  5  5  6  6  5  5
23  19  22  21  19  22  23
10  10  11  11  11  10  8
2  2  2  1  2  1  1
2  2  1  1  2  2  1
5  4  5  5  5  4  5
18  21  21  18  17  20  20
17  17  17  22  17  20  19
3  3  3  2  2  3  2
7  6  7  7  7  7  6
3  3  2  3  2  3  3
14  13  14  13  12  14  11
1  2  2  2  1  2  1
11  11  10  11  9  9  10
30  26  30  30  28  29  26
10  8  10  10  8  11  9
22  22  27  23  29  28  23
8  10  8  10  10  8  10
