1  2  74
1  3  62
1  4  265
1  5  239
2  8  118
2  9  142
2  6  99
2  7  248
3  10  204
3  11  119
3  12  153
3  13  16
3  14  115
4  16  46
4  17  16
4  18  15
4  19  61
4  15  187
5  20  127
5  21  106
5  22  168
6  23  170
7  24  86
7  25  15
8  26  57
9  27  11
10  28  251
11  29  155
12  30  42
12  31  114
13  32  156
14  33  186
15  34  1
16  35  134
17  36  199
18  37  196
19  38  214
20  40  192
20  39  84
21  41  250
21  42  129
22  43  99
23  44  137
24  45  80
25  46  95
26  47  40
27  48  194
28  48  7
29  48  54
30  49  86
31  50  210
32  51  128
33  52  189
34  53  140
35  54  37
36  55  210
37  55  204
38  55  162
39  56  177
40  57  132
41  58  78
42  58  69
43  59  199
44  60  38
45  60  217
46  60  94
47  60  150
48  60  239
49  60  98
50  60  94
51  60  89
52  60  203
53  60  9
54  60  129
55  60  119
56  60  51
57  60  279
58  60  138
59  60  68
