24  24  23  26  25  24  25
14  14  14  14  15  14  15
20  20  19  21  19  19  21
2  3  2  2  3  2  2
27  25  28  26  27  27  27
17  17  18  17  18  18  18
8  9  8  9  8  9  8
19  20  19  19  20  20  20
15  14  14  15  14  15  14
12  12  12  13  12  12  12
10  9  9  10  10  10  9
22  20  21  23  21  21  21
26  26  24  27  26  26  27
25  23  23  25  25  23  26
11  12  12  12  11  11  12
16  15  16  15  16  16  16
12  12  12  13  12  12  13
19  18  18  18  18  18  18
25  23  24  25  23  23  25
4  5  4  4  5  4  4
3  3  3  4  3  4  4
12  12  12  11  12  12  11
19  19  18  18  19  18  19
8  8  8  8  8  8  9
20  19  20  19  19  19  19
9  10  9  10  10  10  10
27  26  28  25  26  26  27
20  21  21  19  19  21  20
1  1  1  1  2  2  2
25  28  27  25  26  28  25
23  23  23  25  26  25  26
16  17  16  16  16  17  16
16  17  16  17  16  16  16
27  25  26  28  27  26  27
8  8  8  7  8  8  8
7  6  6  6  6  7  6
10  9  10  9  10  9  10
11  12  11  12  12  12  12
15  16  15  16  15  16  15
26  24  24  25  27  27  27
16  16  15  15  16  15  16
10  10  10  9  9  10  9
8  8  7  8  8  8  7
24  25  25  26  26  23  24
16  15  16  15  15  16  16
4  4  4  5  5  5  4
18  17  18  18  17  18  17
3  2  3  2  3  2  2
15  15  16  15  16  16  16
23  24  26  23  24  24  25
7  7  7  8  8  7  8
9  9  9  8  8  8  9
21  20  21  22  23  21  20
13  13  13  13  14  14  13
9  9  10  10  10  10  9
9  9  9  10  9  10  10
19  19  19  19  20  20  20
16  16  16  16  15  15  15
18  17  17  18  18  18  17
18  17  17  18  17  18  17
