1  2  35
1  3  110
2  4  44
2  5  132
3  8  160
3  6  141
3  7  161
4  9  216
5  10  173
6  11  118
7  12  241
8  13  33
9  14  261
10  15  123
11  15  17
12  16  202
13  17  20
14  18  234
15  18  30
16  19  260
17  19  254
18  20  184
18  21  195
19  22  247
19  23  90
20  24  7
20  25  68
20  26  273
21  27  273
21  28  20
21  29  131
22  32  125
22  30  48
22  31  178
23  33  239
23  34  27
23  35  269
23  36  250
23  37  27
24  38  147
25  38  169
26  38  221
27  38  5
28  38  114
29  38  64
30  38  134
31  39  52
32  40  228
33  40  30
34  40  81
35  41  141
36  41  175
37  41  274
38  42  54
39  42  92
40  43  208
41  44  253
42  45  138
43  46  128
44  47  95
45  48  227
46  49  134
47  49  19
48  50  16
48  51  225
49  52  239
49  53  238
50  54  263
50  55  168
51  56  84
51  57  86
52  58  251
53  59  262
54  60  155
55  60  272
56  60  52
57  60  127
58  60  86
59  60  120
