1  2  163
1  3  212
1  4  210
1  5  122
1  6  14
2  7  211
3  8  183
3  9  134
4  10  222
4  11  251
4  12  241
5  13  256
5  14  69
6  16  157
6  15  92
7  17  186
8  18  229
9  19  231
9  20  253
10  21  225
11  22  124
12  24  126
12  25  21
12  23  177
13  26  251
14  27  89
14  28  201
15  29  30
15  30  5
16  32  196
16  31  101
17  33  122
18  33  121
19  34  150
20  34  219
21  35  203
22  35  96
23  36  250
24  36  143
25  37  91
26  37  96
27  37  131
28  38  83
29  38  203
30  38  108
31  39  74
32  39  74
33  40  155
34  40  5
35  40  69
36  40  10
37  40  135
38  40  55
39  40  205
