20  16  15  16  18  16  16
7  9  7  7  8  7  9
15  12  15  12  13  13  14
21  21  21  24  21  20  22
2  2  2  2  3  3  2
19  18  22  22  20  17  20
14  13  15  12  13  14  13
4  3  4  3  3  4  4
18  21  20  21  19  20  20
19  19  20  19  20  20  17
18  22  18  22  22  20  20
4  4  4  3  4  4  3
3  3  2  3  2  2  3
21  19  24  24  24  22  19
9  7  7  7  9  8  8
21  21  20  21  17  21  18
5  6  5  6  6  5  6
8  8  7  8  8  7  7
15  15  15  17  15  17  15
13  11  11  13  10  12  11
11  9  8  10  11  11  9
3  2  3  2  3  3  3
8  7  8  7  8  7  8
7  7  7  7  7  7  6
18  18  17  18  15  15  14
23  28  24  28  24  28  29
19  19  20  20  20  22  19
21  20  21  22  23  24  20
9  8  7  9  8  9  8
2  1  1  1  1  2  2
14  16  16  14  15  13  14
2  2  3  2  2  3  2
19  23  21  21  22  19  19
11  12  11  12  11  9  11
1  1  1  1  1  1  2
21  26  22  24  25  22  23
20  20  22  23  22  18  20
7  7  6  6  7  6  7
21  25  21  25  22  23  25
15  14  15  14  13  15  16
