1  2  5
1  3  66
1  4  30
1  5  95
1  6  43
2  7  153
3  8  78
4  9  121
5  10  89
6  11  84
7  16  74
7  12  202
7  13  93
7  14  132
7  15  123
8  17  239
8  18  236
8  19  251
8  20  166
8  21  258
9  24  24
9  25  3
9  22  122
9  23  27
10  26  99
10  27  123
10  28  110
10  29  37
10  30  53
11  32  221
11  33  49
11  31  257
12  34  168
13  34  69
14  34  121
15  34  142
16  35  244
17  35  97
18  36  188
19  36  209
20  36  54
21  36  254
22  36  51
23  37  214
24  37  8
25  37  223
26  38  155
27  38  37
28  38  12
29  38  257
30  39  237
31  39  54
32  39  218
33  39  9
34  40  159
35  40  184
36  40  252
37  40  3
38  40  185
39  40  8
