10  11  11  13  11  12  13
10  10  11  10  10  11  10
26  27  29  27  24  30  29
18  19  19  15  18  16  15
4  4  4  4  3  4  4
27  24  24  21  24  23  23
5  4  5  5  4  5  4
20  17  19  22  20  21  21
3  4  4  3  3  4  3
2  3  3  2  2  2  3
27  29  26  26  25  22  28
20  23  21  23  20  24  20
19  20  22  21  20  19  20
7  6  7  7  7  7  6
7  7  6  6  7  7  7
3  2  3  2  3  2  2
26  26  26  27  28  27  26
1  1  2  2  2  2  1
7  7  7  7  7  6  6
21  26  23  22  25  26  25
6  7  7  6  7  7  6
22  21  23  26  22  26  21
4  4  5  4  5  5  4
5  5  6  6  6  6  5
22  17  19  20  22  18  18
13  14  15  15  14  16  16
3  3  2  3  2  3  2
9  8  8  11  10  10  9
2  1  2  1  2  2  1
17  19  17  18  18  20  19
7  9  7  7  9  7  9
18  21  23  22  23  18  22
15  16  16  14  17  16  17
11  12  11  10  12  11  12
16  16  17  19  18  20  19
8  8  9  9  8  8  7
23  25  22  25  26  25  24
12  14  12  13  14  14  15
6  6  5  5  6  6  6
5  5  4  4  4  5  4
