23  11  32  23  30  27  14
3  3  1  3  1  2  3
13  9  11  14  12  15  14
25  12  19  17  16  26  14
26  18  12  22  27  19  21
17  29  25  28  26  23  19
30  24  33  34  18  26  35
29  27  17  12  22  18  20
22  10  13  10  16  18  10
5  4  4  4  4  4  6
7  12  17  18  14  17  20
29  27  17  11  22  12  17
5  2  4  5  2  4  2
31  13  28  15  29  12  31
4  5  2  2  3  4  5
19  14  26  27  9  14  20
8  8  8  8  18  21  20
14  14  10  16  21  18  8
2  5  5  3  4  3  5
11  18  9  15  18  17  21
21  21  18  21  17  14  19
19  27  25  30  24  25  20
2  1  1  2  1  1  2
22  11  13  25  23  11  24
2  1  2  1  2  2  1
2  2  1  3  2  2  2
5  4  5  4  4  3  4
19  13  22  19  21  18  24
19  16  16  13  19  11  21
10  7  7  15  14  20  20
12  30  15  23  33  36  24
4  3  2  2  5  4  3
36  23  26  24  21  28  22
26  30  27  13  33  18  24
1  1  1  1  2  1  2
14  18  12  18  20  13  14
4  10  9  5  9  8  4
3  3  2  2  2  3  1
4  7  4  8  5  10  11
23  20  22  17  32  16  26
