1  2  247
1  3  18
2  4  173
2  5  233
2  6  115
3  8  250
3  9  78
3  10  64
3  11  257
3  7  108
4  12  57
4  13  1
5  14  183
5  15  234
6  16  210
7  17  225
8  18  19
8  19  40
9  20  81
10  21  123
11  22  2
11  23  225
12  24  21
13  24  204
14  24  164
15  25  78
16  26  224
17  26  87
18  27  177
19  28  134
20  28  20
21  28  210
22  28  148
23  29  81
24  30  144
24  31  81
25  32  7
26  33  111
26  34  93
27  35  183
27  36  116
28  37  40
28  38  185
29  39  165
30  40  169
31  40  115
32  40  101
33  40  90
34  40  164
35  40  49
36  40  255
37  40  198
38  40  171
39  40  177
