1  2  45
1  3  1
1  4  252
1  5  148
1  6  180
2  8  167
2  9  59
2  10  115
2  7  48
3  11  146
4  12  163
4  13  188
5  14  13
6  16  67
6  15  163
7  17  126
8  18  9
9  19  103
9  20  71
10  21  30
10  22  110
11  23  181
12  24  6
13  25  133
14  26  55
15  27  33
16  28  86
17  29  169
18  30  176
19  31  163
20  32  185
21  33  36
22  34  112
23  35  230
24  36  116
25  37  256
26  38  116
27  39  11
28  39  231
29  40  7
30  40  257
31  40  116
32  40  103
33  40  218
34  40  70
35  40  45
36  40  211
37  40  142
38  40  256
39  40  246
