1  2  213
1  3  212
2  4  107
2  5  128
2  6  21
2  7  19
3  8  82
3  9  227
3  10  59
3  11  202
3  12  3
4  13  162
4  14  190
5  16  124
5  15  146
6  17  134
6  18  62
7  19  38
8  20  57
9  21  251
10  22  32
11  24  156
11  25  69
11  26  129
11  23  13
12  27  225
13  28  158
14  29  124
15  29  115
16  29  167
17  30  202
18  30  7
19  30  212
20  31  64
21  31  194
22  31  144
23  32  165
24  32  255
25  32  79
26  33  224
27  33  109
28  34  31
29  35  44
30  36  136
31  37  38
32  38  250
33  39  216
34  40  90
35  40  139
36  40  157
37  40  193
38  40  14
39  40  245
