8  8  7  8  7  8  7
19  19  20  20  19  20  20
22  22  20  22  22  22  23
12  12  12  11  11  12  11
4  4  5  5  5  5  4
10  10  11  10  10  10  11
15  16  15  15  16  15  16
21  21  21  23  21  20  22
19  21  20  21  21  21  21
27  27  27  27  25  24  27
25  23  22  23  23  23  22
4  4  5  4  4  5  4
9  10  10  10  9  10  9
17  17  17  17  16  17  16
15  15  16  16  15  16  16
14  15  14  14  14  14  15
21  23  24  22  21  24  23
11  11  10  10  10  11  10
25  23  23  23  25  22  24
26  23  25  24  23  26  26
18  17  18  17  17  18  17
22  24  24  24  23  22  25
17  17  16  17  16  16  16
9  9  8  9  9  8  8
15  16  15  15  16  15  15
3  3  3  2  3  2  2
4  4  5  4  5  4  5
19  18  18  18  18  19  18
8  7  7  7  8  8  8
1  1  2  1  1  2  2
25  24  25  25  25  24  23
18  18  18  18  18  17  18
18  18  18  17  18  17  17
9  10  9  9  10  10  9
7  7  6  6  6  7  6
19  19  20  19  20  20  20
12  11  12  11  12  11  11
23  24  23  25  23  26  23
5  5  6  6  6  6  6
19  19  19  21  20  19  20
