26  23  16  27  27  16  24
21  22  20  16  17  22  20
12  14  9  12  13  13  14
15  19  23  20  23  15  22
27  26  18  19  27  27  23
24  19  15  15  15  19  22
10  7  8  8  7  6  7
7  6  6  9  8  8  8
15  16  15  19  19  19  16
2  1  2  1  2  1  2
3  3  3  3  3  4  4
19  25  32  29  21  25  21
22  29  30  20  22  18  22
24  17  17  18  18  17  23
16  16  15  12  13  15  11
18  14  14  19  17  18  14
16  14  16  15  11  17  16
20  19  16  21  19  18  23
1  2  1  1  1  1  1
10  7  8  8  8  7  8
6  6  9  7  7  6  9
13  14  16  17  15  20  20
14  13  12  9  11  9  9
29  29  24  23  28  19  23
15  18  15  19  17  21  17
7  9  6  6  8  9  7
26  29  32  33  31  26  22
21  29  28  20  22  20  25
19  15  13  12  14  16  14
11  14  9  10  9  13  10
30  25  22  24  27  31  19
22  24  20  22  23  23  28
4  6  5  5  4  7  6
10  10  10  9  7  6  10
23  21  20  28  20  27  23
15  16  11  12  11  13  11
20  21  29  18  27  23  21
18  19  19  24  22  15  23
2  2  2  2  1  1  2
7  6  6  9  8  8  10
