20  20  19  20  19  20  19
26  27  24  27  27  27  25
2  1  2  2  2  1  2
5  4  5  4  5  5  4
23  23  22  23  21  21  24
4  4  3  3  4  4  3
10  9  10  9  10  10  9
21  22  24  21  23  22  22
19  20  19  19  19  19  19
6  6  7  6  7  6  6
11  11  11  11  10  10  10
22  24  22  24  23  24  22
25  27  26  27  24  26  26
6  7  7  7  6  6  7
13  13  13  13  13  14  13
26  27  27  24  26  26  24
3  2  3  3  3  2  2
6  6  6  6  6  6  5
24  27  27  25  26  27  27
23  25  22  24  22  22  24
2  3  2  2  2  2  2
12  13  12  12  12  13  13
21  22  21  20  22  20  21
24  22  25  22  23  25  25
6  7  6  7  6  6  7
15  15  15  16  15  15  15
28  28  25  26  28  26  26
5  5  4  4  5  5  4
9  9  9  9  10  10  9
16  15  15  15  16  16  16
8  9  8  8  9  9  9
11  11  12  11  11  11  11
8  8  9  9  9  9  8
3  3  3  2  2  3  2
5  5  4  4  4  5  5
19  18  19  18  19  19  18
5  5  5  5  5  5  4
7  8  7  7  7  7  7
14  13  13  14  14  13  14
7  6  6  7  7  6  6
