2  1  2  2  1  2  1
15  17  19  17  16  17  21
2  2  2  2  1  1  2
10  13  11  13  14  11  10
9  15  14  15  13  10  9
7  6  6  9  8  8  8
9  12  12  15  15  14  10
5  4  5  5  3  5  4
8  8  8  6  6  8  7
10  10  15  13  17  10  14
24  23  19  18  23  25  21
23  19  25  28  17  28  22
15  15  19  16  23  18  21
4  5  5  4  4  5  3
12  15  11  12  14  11  12
26  20  25  23  25  30  30
22  20  30  30  25  27  23
7  6  6  7  7  7  6
30  27  29  30  29  19  23
24  25  24  25  23  20  20
7  8  7  7  8  8  5
8  8  11  13  8  12  8
14  12  16  13  20  16  18
13  11  13  15  10  14  13
24  31  28  25  22  22  31
3  3  3  4  4  4  4
11  11  10  13  8  10  12
20  24  23  25  25  21  19
17  10  14  15  13  12  13
9  8  10  6  7  6  10
18  11  17  14  13  12  17
3  3  3  2  2  2  2
20  21  20  21  19  25  28
6  7  5  5  8  6  6
9  13  13  12  11  11  11
18  21  13  18  22  15  14
18  14  15  12  18  12  17
6  7  8  7  5  8  7
19  30  28  19  28  19  21
25  17  16  17  24  16  23
