2  1  1  2  2  2
15  13  16  20  13  20
4  3  5  4  3  4
14  23  18  21  14  17
4  5  5  5  4  5
24  20  15  24  22  20
2  3  2  2  3  3
7  8  11  12  9  12
24  26  21  24  28  21
20  18  17  22  18  22
5  3  3  5  5  3
10  13  9  15  15  9
12  13  9  11  11  10
13  15  11  13  10  12
8  6  6  5  8  6
2  2  1  1  2  1
3  3  4  4  3  4
15  18  18  18  22  22
20  21  15  19  18  16
8  6  7  9  9  7
8  6  6  6  5  6
12  16  10  12  11  12
15  11  9  14  13  14
7  8  9  8  9  6
14  17  17  12  16  16
3  2  3  3  2  3
17  12  12  19  16  13
6  6  8  7  8  6
20  27  22  20  20  18
1  2  2  1  2  2
2  1  2  1  1  1
14  15  20  13  17  13
6  6  10  7  9  9
13  15  14  19  14  16
3  2  2  3  3  2
7  7  9  8  8  8
1  2  1  1  2  2
10  9  8  8  11  8
22  21  26  21  24  22
1  2  2  1  1  2
