19  19  15  19  13  14
8  6  5  8  6  7
7  5  4  7  7  6
20  26  24  20  22  19
2  3  2  3  2  3
12  12  11  10  12  12
9  12  9  12  11  13
4  6  7  5  5  7
22  23  14  19  21  21
4  5  4  6  7  7
12  13  13  13  19  14
21  21  24  16  17  23
7  6  5  5  7  6
12  11  13  11  11  12
12  13  13  11  16  12
25  27  20  25  16  20
11  10  7  8  10  8
16  22  18  19  25  23
8  8  8  8  5  5
8  12  12  13  9  11
8  7  6  5  7  7
16  22  17  18  18  15
6  6  6  6  9  9
3  4  5  5  4  3
9  8  8  11  12  13
20  27  25  24  16  18
19  16  22  15  21  25
18  11  14  13  17  12
3  4  4  4  3  3
13  17  11  12  10  13
2  2  3  2  3  2
9  7  9  7  8  9
3  4  3  4  4  4
11  9  10  12  14  11
12  15  15  19  15  18
11  10  12  12  11  13
18  14  16  17  18  19
17  17  16  23  27  21
7  7  7  9  8  8
17  22  15  14  23  22
