10  7  9  5  8  11
10  14  16  14  16  17
5  5  3  4  5  5
15  16  14  17  9  13
14  14  27  25  28  24
13  20  18  17  14  15
6  9  8  10  7  7
28  20  25  28  19  22
29  14  21  29  29  14
25  23  25  17  24  16
13  12  16  14  16  14
24  18  25  17  12  20
6  10  11  10  11  10
14  18  13  21  17  16
8  8  10  9  7  6
28  29  26  17  16  17
16  26  15  23  18  15
9  17  16  17  17  18
2  2  2  2  2  1
15  19  11  12  23  23
16  7  10  11  15  16
18  10  17  21  10  10
4  5  4  2  2  4
6  5  6  3  5  3
4  4  6  4  7  5
15  17  28  20  13  19
8  8  13  13  12  12
8  13  7  13  9  10
8  5  8  8  9  5
4  4  4  2  4  2
3  2  3  3  2  3
8  16  9  14  15  11
20  10  22  10  19  12
2  5  3  2  3  2
2  3  2  2  3  2
18  26  18  14  18  24
21  15  14  16  25  19
6  6  4  4  5  7
17  17  23  21  15  12
14  15  16  17  16  15
