8  7  7  7  8  7
22  18  22  20  20  19
9  11  10  10  9  8
20  20  23  19  24  21
8  9  7  8  7  7
16  17  16  15  15  17
24  23  22  20  22  21
19  15  18  17  16  15
9  9  8  9  8  9
4  4  4  4  3  4
15  15  15  13  13  14
2  3  2  3  3  2
25  23  23  21  24  21
2  3  3  3  2  3
16  17  15  16  18  19
9  10  10  11  11  10
2  3  2  3  3  3
17  21  17  21  16  19
15  15  14  14  15  16
14  15  13  14  15  13
3  3  4  3  3  3
6  6  6  6  7  7
3  4  4  4  4  3
15  13  16  16  15  13
17  18  15  18  20  18
14  18  16  15  18  15
5  4  4  5  4  4
13  13  14  12  14  14
5  5  4  4  4  4
9  11  8  11  8  10
17  17  16  15  19  16
9  11  12  12  12  10
22  25  22  23  21  22
4  5  5  5  5  4
6  6  5  5  5  6
6  6  5  6  6  6
3  3  2  3  3  2
23  19  21  22  23  23
2  1  1  1  1  1
2  2  2  3  3  2
