1  2  36
1  3  27
1  4  1
1  5  76
1  6  84
2  8  20
2  7  78
3  9  79
4  10  55
5  11  67
6  12  17
7  13  97
8  14  105
9  15  90
10  16  55
11  17  52
12  18  15
13  19  54
14  20  35
15  20  42
16  21  4
17  21  108
18  21  33
19  24  7
19  22  61
19  23  39
20  25  80
20  26  82
21  27  76
22  28  38
23  28  30
24  29  56
25  30  81
26  30  16
27  31  42
28  32  36
29  32  74
30  33  97
31  33  71
32  34  65
32  35  41
32  36  26
33  37  37
33  38  5
33  39  24
34  40  43
35  40  83
36  40  100
37  40  47
38  40  107
39  40  107
