1  2  181
1  3  88
1  4  130
1  5  38
2  6  61
2  7  77
3  8  82
3  9  141
4  10  215
5  11  92
5  12  23
6  13  164
7  16  15
7  14  153
7  15  5
8  17  18
8  18  172
9  19  62
9  20  1
10  21  26
11  22  32
11  23  2
12  24  144
12  25  134
12  26  110
12  27  25
13  28  113
14  28  31
15  28  204
16  28  21
17  29  16
18  29  111
19  29  46
20  29  174
21  30  142
22  30  3
23  30  163
24  30  153
25  30  114
26  31  159
27  31  94
28  32  49
29  33  61
29  34  50
29  35  55
30  36  27
30  37  134
31  38  132
31  39  140
32  40  14
33  40  205
34  40  191
35  40  78
36  40  161
37  40  18
38  40  207
39  40  163
