2  2  1  1  2  2
12  10  12  7  11  7
9  11  14  11  13  11
20  15  13  17  14  12
23  17  18  26  27  25
22  20  24  24  18  15
6  6  8  5  5  5
11  11  10  12  11  10
7  7  7  5  7  5
11  12  9  12  12  8
12  14  10  10  16  14
9  7  7  6  7  6
11  13  11  9  12  14
7  4  4  4  6  6
11  7  7  9  10  12
18  18  15  17  15  18
18  16  20  24  21  16
1  1  2  2  1  1
6  6  9  9  10  10
1  2  2  2  2  1
13  12  17  12  15  15
16  17  12  17  18  13
8  7  5  8  8  6
14  18  12  14  12  13
14  14  19  15  19  19
18  23  21  25  28  26
18  16  17  15  14  17
12  12  12  9  12  11
20  15  12  20  14  17
9  12  11  10  8  10
18  21  18  19  20  19
16  16  17  17  20  15
13  22  20  21  21  16
8  8  8  6  5  8
2  1  1  1  1  1
11  10  7  11  10  9
6  6  7  7  6  9
8  8  9  8  9  9
18  14  15  19  20  14
15  9  11  11  14  11
