1  2  103
1  3  27
1  4  32
2  5  91
2  6  36
3  7  156
4  8  184
4  9  48
5  10  214
5  11  45
5  12  148
5  13  212
6  16  31
6  17  44
6  14  174
6  15  219
7  18  218
7  19  172
7  20  213
7  21  160
7  22  201
8  24  105
8  25  169
8  26  205
8  23  48
9  27  167
9  28  154
9  29  110
9  30  30
9  31  52
10  32  51
11  32  170
12  33  154
13  33  167
14  33  38
15  33  121
16  34  113
17  34  164
18  34  159
19  35  42
20  35  200
21  35  118
22  36  54
23  37  111
24  37  14
25  37  127
26  38  216
27  38  124
28  39  78
29  39  42
30  39  202
31  39  135
32  40  53
33  40  6
34  40  98
35  40  22
36  40  208
37  40  157
38  40  189
39  40  115
