1  2  89
1  3  70
1  4  64
1  5  57
2  6  54
2  7  143
3  8  149
4  9  47
4  10  146
5  11  77
5  12  115
5  13  114
6  14  9
7  15  135
8  16  150
9  17  15
10  18  159
11  19  5
11  20  54
12  21  121
13  22  30
14  23  88
15  24  13
16  25  77
17  26  142
18  27  101
19  28  139
20  29  43
21  30  63
22  31  23
23  32  76
24  33  84
25  34  52
26  35  47
27  36  112
28  37  1
29  38  42
30  39  29
31  39  81
32  40  39
33  40  23
34  40  39
35  40  24
36  40  45
37  40  133
38  40  133
39  40  151
