4  3  9  8  6
5  12  11  7  12
5  11  14  15  7
16  8  8  7  7
8  18  8  12  18
10  7  11  9  13
14  7  10  12  5
18  6  16  9  8
7  16  20  19  12
8  4  8  8  7
4  8  5  11  8
14  9  6  11  9
5  9  10  6  8
22  19  20  21  10
17  15  9  16  18
2  1  1  1  1
15  8  20  12  20
2  1  1  2  1
9  20  8  8  19
24  21  11  14  19
10  8  7  4  6
5  8  3  8  4
6  7  8  8  5
6  9  12  17  11
7  10  6  11  5
5  4  8  5  6
5  9  12  14  9
20  23  11  17  14
13  6  7  15  14
3  3  1  1  1
17  14  15  11  19
2  1  1  1  1
11  6  6  9  11
2  2  1  2  1
16  8  11  10  6
9  9  15  10  11
15  17  18  15  12
1  2  1  1  2
6  4  10  7  8
22  17  13  8  23
