14  17  15  14  16
6  8  11  11  10
3  5  4  4  3
13  13  8  12  9
13  13  21  14  20
2  1  2  1  2
5  7  6  5  5
5  7  10  7  9
2  2  2  5  3
12  18  11  9  12
5  9  6  6  5
11  10  7  7  10
12  19  14  14  17
7  7  4  8  5
16  12  14  17  20
18  10  18  17  21
3  2  2  2  3
2  4  3  4  4
13  11  10  10  9
7  5  9  4  7
5  8  7  7  5
9  8  7  6  10
2  3  2  3  3
6  5  10  9  10
7  8  12  8  10
2  2  2  4  2
19  17  19  18  11
8  14  12  8  8
10  11  10  6  7
1  2  2  2  1
10  18  11  18  19
2  1  1  1  1
12  8  9  6  10
3  6  6  3  4
4  4  4  4  5
12  8  9  10  14
5  3  3  4  5
7  9  5  5  9
14  16  22  17  19
15  17  13  8  17
