1  2  110
1  3  30
2  4  14
3  5  54
3  6  98
4  7  34
5  8  131
6  9  93
7  10  117
8  11  64
8  12  91
8  13  157
9  14  124
10  16  74
10  17  41
10  15  135
11  18  1
11  19  159
11  20  120
11  21  55
12  22  1
13  23  114
14  24  34
15  25  135
16  25  65
17  26  44
18  26  90
19  27  40
20  27  50
21  28  149
22  28  6
23  29  153
24  29  143
25  30  99
25  31  62
26  32  18
26  33  145
27  34  2
28  35  85
29  36  127
30  37  81
31  38  12
32  39  143
33  39  142
34  39  152
35  39  44
36  39  12
37  40  52
38  40  70
39  40  70
