1  2  104
1  3  115
1  4  48
1  5  69
2  6  97
3  8  22
3  7  93
4  9  53
5  10  67
6  11  13
6  12  19
6  13  58
6  14  1
6  15  109
7  16  120
7  17  120
7  18  9
7  19  126
8  20  127
8  21  132
8  22  88
9  24  38
9  25  148
9  26  42
9  27  34
9  23  131
10  28  123
10  29  95
10  30  134
11  31  90
12  31  31
13  31  58
14  31  60
15  31  77
16  32  17
17  32  1
18  32  11
19  32  47
20  32  109
21  32  81
22  32  136
23  32  36
24  33  88
25  33  51
26  33  7
27  33  139
28  33  1
29  33  54
30  33  6
31  34  73
31  35  84
32  36  57
32  37  45
32  38  144
33  39  16
34  40  5
35  40  106
36  40  115
37  40  88
38  40  21
39  40  149
