14  14  13  15  14
15  16  17  7  14
8  9  17  13  14
9  10  14  17  10
1  2  1  2  1
1  2  2  2  2
9  8  8  8  7
2  2  3  2  1
5  10  5  8  6
14  7  6  6  6
6  8  12  5  11
9  5  4  4  7
7  3  4  3  3
9  14  12  8  9
17  13  10  18  17
5  2  2  5  2
6  6  8  5  4
11  8  11  10  10
2  3  2  2  1
2  1  1  2  2
6  11  12  17  11
19  11  23  8  15
23  9  15  11  17
10  8  23  21  18
5  5  5  4  3
13  10  7  5  11
2  4  3  5  6
2  2  1  2  2
5  6  4  3  5
23  18  8  22  19
11  9  12  6  6
5  4  5  7  4
8  6  11  7  11
7  7  12  5  7
5  5  4  3  4
4  2  2  2  5
16  13  17  10  20
15  11  16  11  10
14  20  21  13  8
11  7  15  19  13
