2  6  3  3  5
12  18  19  16  7
12  17  23  16  12
6  6  11  6  6
15  10  14  15  8
17  23  23  8  18
5  4  4  4  5
18  7  15  7  8
13  24  10  10  10
12  21  17  14  14
2  1  2  1  2
12  12  10  8  5
2  2  1  1  1
12  9  16  10  9
11  8  9  10  8
5  5  3  4  2
4  5  3  4  2
5  4  11  4  11
3  4  9  8  9
4  5  4  4  4
6  12  8  12  8
12  10  10  6  7
6  4  4  6  5
1  2  2  1  1
2  3  6  6  4
6  6  6  5  4
20  10  9  19  18
16  15  17  16  10
10  5  5  10  13
7  7  6  6  7
9  6  14  11  12
10  5  5  5  11
2  2  2  1  1
7  13  16  15  17
7  10  19  17  21
9  6  12  8  7
7  9  12  7  11
21  12  12  19  21
2  2  1  2  1
12  21  8  12  17
