1  2  53
1  3  46
2  4  47
2  5  21
2  6  36
3  7  20
4  8  76
5  9  19
6  10  70
7  11  19
8  12  51
9  13  42
10  14  69
11  15  66
12  16  65
13  16  56
14  17  20
15  17  37
16  18  61
16  19  17
16  20  22
16  21  66
16  22  46
17  24  42
17  23  23
18  25  61
19  25  38
20  25  18
21  26  50
22  27  41
23  27  53
24  27  79
25  28  56
26  29  63
27  30  54
28  31  7
29  31  53
30  32  66
31  33  51
32  34  12
32  35  53
33  36  7
34  37  31
35  38  48
35  39  29
36  40  6
37  40  13
38  40  66
39  40  16
