1  2  69
1  3  44
1  4  40
1  5  150
1  6  112
2  7  50
3  8  45
3  9  24
4  10  34
4  11  118
5  12  22
6  13  43
7  14  91
8  15  107
9  15  60
10  16  58
11  17  135
12  18  108
13  18  81
14  19  94
14  20  42
15  21  91
15  22  158
16  23  100
17  24  119
17  25  103
18  26  136
19  27  25
20  28  99
21  28  115
22  28  38
23  29  58
24  29  90
25  30  32
26  30  10
27  31  29
28  32  46
29  33  26
30  34  112
30  35  116
31  36  92
32  37  30
33  38  123
34  38  151
35  39  95
36  40  145
37  40  80
38  40  158
39  40  6
