1  2  77
1  3  112
1  4  58
1  5  5
2  8  8
2  9  33
2  10  147
2  6  32
2  7  139
3  11  51
3  12  101
3  13  103
3  14  74
4  16  77
4  17  62
4  18  145
4  19  32
4  15  155
5  20  36
5  21  42
5  22  2
5  23  142
6  24  15
7  24  136
8  24  111
9  24  132
10  24  28
11  24  157
12  24  59
13  25  24
14  25  150
15  25  45
16  25  43
17  25  59
18  25  5
19  25  103
20  25  33
21  25  63
22  25  2
23  25  72
24  26  67
24  27  30
24  28  132
24  29  102
25  30  110
25  31  110
26  32  102
27  33  4
27  34  98
27  35  18
28  36  42
29  37  152
30  38  155
31  39  83
32  40  23
33  40  10
34  40  142
35  40  135
36  40  92
37  40  58
38  40  110
39  40  146
