7  6  7  7  7  7  6
20  20  20  19  21  20  20
15  15  15  15  15  15  14
9  10  10  10  10  9  9
6  7  7  6  6  6  7
11  11  10  10  10  11  11
23  25  25  24  25  24  23
7  8  8  7  8  8  7
24  25  24  26  24  25  24
11  12  12  11  12  11  11
12  13  13  13  13  12  12
13  14  14  13  13  13  13
6  7  7  6  7  7  6
8  8  8  9  9  9  8
1  2  1  2  1  2  2
15  15  15  15  15  15  15
18  17  17  18  18  17  18
26  23  26  24  26  23  24
25  23  23  22  24  24  22
24  24  23  26  25  25  24
20  21  19  21  21  20  21
11  12  12  12  11  11  12
8  8  7  8  7  8  8
3  3  2  3  3  2  2
6  7  6  7  7  7  7
7  8  8  8  7  8  8
6  7  7  7  7  6  7
16  16  16  16  16  16  17
18  19  19  19  18  18  19
17  17  17  17  17  17  18
6  6  7  7  7  7  7
8  8  8  8  9  9  8
12  12  11  12  11  11  12
6  5  6  5  6  6  5
13  14  14  13  14  13  13
16  16  15  15  15  16  16
16  16  17  17  17  16  17
9  9  10  9  9  9  10
14  15  15  15  14  15  15
6  6  6  6  5  5  6
