17  14  25  13  22  19  13
23  25  23  20  14  26  22
16  7  12  15  13  13  9
30  25  16  20  27  20  15
3  3  2  2  3  2  3
9  5  8  11  8  6  8
6  7  7  9  11  12  12
8  8  13  16  13  9  13
28  19  26  28  16  17  32
25  29  30  17  24  17  29
5  10  5  7  7  7  9
22  12  24  14  11  11  15
11  10  7  8  8  5  6
13  10  9  12  15  15  9
11  12  12  14  11  12  18
13  7  12  13  10  13  14
24  16  26  21  21  19  35
23  16  18  23  27  30  30
27  29  18  21  27  16  16
13  16  13  9  19  11  20
4  5  5  2  2  2  4
26  29  26  35  22  20  30
2  4  4  3  2  5  2
17  17  24  16  21  17  19
27  34  16  16  27  27  30
9  9  9  7  6  9  6
7  9  8  11  13  11  11
19  21  21  25  21  21  15
29  19  25  20  22  24  29
14  14  16  12  14  13  13
6  4  4  6  6  3  4
21  21  16  22  16  15  28
9  5  8  7  9  10  11
18  22  20  25  31  27  18
6  4  6  8  4  5  8
13  16  22  24  24  24  20
5  3  4  5  3  3  3
13  17  13  20  20  21  12
26  33  19  18  21  17  16
11  18  12  9  14  14  18
