1  2  241
1  3  205
1  4  5
2  5  112
2  6  17
3  7  128
4  8  250
5  9  113
6  10  190
7  10  200
8  11  185
9  12  139
10  13  258
10  14  213
11  15  51
12  16  84
13  17  73
13  18  45
14  19  79
14  20  192
15  21  1
16  22  129
17  23  52
18  24  144
19  24  201
20  25  243
21  25  127
22  26  217
22  27  167
23  28  24
24  29  154
25  30  2
25  31  153
26  32  236
27  33  1
28  33  81
29  34  183
30  34  36
31  34  138
32  35  64
32  36  45
33  37  160
33  38  254
34  39  81
35  40  158
36  40  117
37  40  243
38  40  47
39  40  112
