1  2  90
1  3  11
1  4  39
1  5  183
2  6  52
3  7  83
4  8  134
5  8  211
6  9  173
7  10  101
8  11  46
9  12  205
10  13  151
11  13  234
12  14  86
12  15  116
13  16  221
14  17  255
14  18  52
14  19  97
14  20  47
14  21  31
15  24  175
15  22  115
15  23  156
16  25  193
16  26  196
16  27  70
17  28  23
18  28  207
19  28  193
20  28  247
21  29  122
22  30  240
23  30  22
24  30  35
25  31  47
26  31  120
27  31  58
28  32  208
29  33  61
30  33  207
31  34  11
32  35  178
33  36  35
34  36  94
35  37  228
35  38  209
36  39  39
37  40  197
38  40  173
39  40  180
