18  21  24  25  26  20  26
23  29  30  21  25  25  27
29  19  20  18  18  23  21
21  20  28  19  28  25  23
2  2  1  1  1  1  1
21  17  20  23  14  14  16
1  1  1  2  1  2  1
20  19  21  29  24  29  26
23  19  17  19  18  18  18
13  9  12  10  13  8  12
20  27  30  22  30  20  29
18  25  17  22  21  18  25
24  22  18  21  16  22  21
8  9  10  13  12  10  10
10  7  7  6  6  6  7
14  15  14  17  11  15  14
15  17  17  15  17  19  14
21  14  20  22  14  16  18
6  8  8  10  9  9  6
18  13  12  18  14  14  11
14  15  13  15  20  16  20
6  9  8  9  7  9  9
16  14  18  17  22  18  16
11  14  13  10  11  14  11
5  3  5  3  4  4  5
6  9  8  9  8  6  7
12  16  17  18  17  17  15
8  7  5  8  8  8  5
12  14  12  11  9  12  9
3  2  2  3  2  2  2
9  10  13  8  11  11  10
16  22  21  18  23  19  15
27  17  19  22  26  26  19
6  9  9  7  8  6  6
16  20  17  14  19  21  21
24  29  23  26  25  22  27
17  18  15  13  20  22  20
3  3  4  3  4  3  3
12  18  12  17  16  15  13
10  12  17  12  10  10  11
