22  21  19  23  20  21  22
11  12  12  13  12  10  13
8  8  11  10  11  10  8
18  19  23  19  23  23  22
23  29  24  28  29  28  23
11  10  9  12  9  10  9
9  10  12  12  12  9  11
17  22  18  17  21  22  20
8  7  8  7  7  7  8
2  2  2  1  1  2  1
3  3  2  2  3  3  2
14  14  17  17  17  16  16
7  7  8  8  7  8  7
22  25  25  21  24  23  24
22  17  19  19  20  21  18
8  8  7  8  7  7  8
20  21  18  18  22  20  19
25  25  21  21  20  21  23
4  3  4  4  4  3  4
9  9  9  8  8  8  7
4  5  5  4  4  5  4
6  6  6  6  6  7  7
7  7  8  8  8  7  7
3  3  2  2  3  3  2
22  21  22  24  21  21  26
22  22  28  23  27  29  28
2  1  2  2  2  2  1
7  7  6  6  7  6  7
12  12  10  13  13  12  12
22  23  23  21  23  21  20
27  21  22  26  23  27  27
12  15  12  14  14  15  12
7  8  9  8  8  7  8
26  22  24  22  23  26  26
14  16  15  16  15  17  15
7  8  8  8  7  7  9
8  7  9  7  9  8  8
9  8  9  7  8  9  8
26  24  27  24  26  22  24
13  16  15  13  14  14  15
