1  2  78
1  3  37
2  4  169
2  5  38
3  6  140
3  7  209
4  8  178
5  8  155
6  8  259
7  9  28
8  10  144
9  11  192
9  12  42
10  13  142
11  14  154
11  15  179
12  16  152
13  17  142
13  18  227
14  19  47
14  20  232
14  21  207
14  22  169
15  24  250
15  25  106
15  26  199
15  23  27
16  27  101
16  28  155
17  29  68
18  29  232
19  29  195
20  29  131
21  29  227
22  29  206
23  30  30
24  30  170
25  30  10
26  30  68
27  30  71
28  30  214
29  32  32
29  31  173
30  33  136
31  34  257
32  34  75
33  35  160
34  36  241
34  37  223
34  38  151
35  39  118
36  40  129
37  40  126
38  40  129
39  40  257
