1  2  4
1  3  55
1  4  169
2  5  199
2  6  23
2  7  70
3  8  174
3  9  13
3  10  106
4  11  48
4  12  36
4  13  130
4  14  189
4  15  18
5  16  31
5  17  207
6  18  159
7  19  202
7  20  235
8  21  140
8  22  94
9  23  126
10  24  60
11  25  28
12  26  55
12  27  137
13  28  173
14  29  196
14  30  223
15  31  103
16  32  4
17  32  173
18  33  190
19  33  33
20  33  186
21  34  171
22  34  235
23  35  111
24  36  144
25  36  204
26  37  150
27  37  249
28  37  187
29  38  138
30  38  165
31  39  65
32  40  133
33  40  135
34  40  68
35  40  21
36  40  211
37  40  217
38  40  152
39  40  240
