1  2  136
1  3  258
1  4  149
2  5  236
3  5  86
4  6  113
5  8  214
5  7  49
6  9  101
6  10  172
6  11  6
7  12  46
8  13  156
9  14  152
10  15  75
11  16  191
12  17  141
13  18  52
14  18  133
15  18  31
16  18  145
17  19  20
17  20  208
17  21  183
18  24  92
18  25  11
18  26  131
18  22  97
18  23  24
19  27  130
20  27  7
21  27  117
22  27  256
23  27  128
24  28  168
25  28  127
26  28  162
27  29  55
28  30  12
29  31  208
30  32  114
31  33  235
31  34  52
32  35  206
32  36  24
32  37  218
33  38  178
34  38  243
35  38  88
36  38  24
37  39  114
38  40  22
39  40  225
