24  24  21  23  22  21  23
18  15  18  17  14  17  14
2  2  2  1  2  1  1
15  15  15  16  17  15  15
17  17  16  14  17  17  15
9  7  8  7  7  8  8
2  1  2  2  2  1  2
27  22  24  27  24  24  25
22  24  22  23  23  24  26
6  5  5  5  5  5  5
5  6  5  5  6  6  6
6  7  6  7  7  7  6
23  23  24  25  25  22  24
22  22  19  20  23  19  18
16  16  21  16  18  21  19
19  20  20  19  20  21  17
17  19  19  17  19  16  18
6  5  5  6  5  6  6
28  26  24  27  28  23  26
21  25  24  21  26  25  27
10  11  10  12  10  11  13
8  7  8  7  8  8  7
11  11  11  13  12  13  12
6  6  7  7  7  7  6
12  10  11  10  13  11  13
5  6  6  6  5  6  5
1  2  1  1  1  1  2
17  16  16  16  14  17  18
23  21  19  20  23  18  21
23  24  25  22  26  26  21
16  16  13  13  15  16  13
26  25  21  22  21  22  24
14  18  15  16  15  15  17
9  10  9  9  9  9  9
2  3  2  2  2  3  2
9  11  10  11  12  9  11
14  17  15  15  17  14  17
20  22  17  22  21  17  19
21  20  22  25  24  23  24
17  14  15  14  18  15  16
