9  16  14  12  16  19  20
7  4  4  4  5  4  4
23  13  17  19  22  18  16
16  25  19  18  28  15  23
18  16  20  22  31  20  15
9  5  7  9  8  7  8
14  16  23  19  20  20  29
5  7  7  5  6  4  7
8  7  7  8  8  11  11
24  28  17  15  15  20  27
7  4  5  6  4  9  7
21  21  14  13  19  24  20
3  4  3  6  6  3  6
9  10  7  11  12  16  11
5  3  4  4  2  4  2
30  28  24  30  25  23  17
9  7  11  15  13  14  15
7  7  9  6  10  10  7
14  10  12  12  14  8  13
6  7  9  7  7  6  9
3  3  2  2  2  2  2
1  1  1  1  1  1  1
23  25  27  20  31  24  22
13  24  22  20  23  11  18
22  17  15  12  19  22  12
9  7  5  9  7  10  8
26  22  21  15  17  28  32
16  8  10  12  16  14  14
20  23  15  15  15  26  21
28  34  31  16  29  29  26
5  3  6  4  5  6  6
32  24  19  18  15  32  17
10  8  10  7  8  8  7
22  19  23  14  17  14  22
2  2  2  1  2  2  2
26  20  27  28  20  29  30
17  25  22  19  16  14  26
5  3  4  3  2  4  5
18  19  23  26  24  13  22
28  23  21  18  16  13  24
