20  158  40  177  197  4.425  4.925  0.8927  0.802  10  0
20  145  30  223  120  7.4333  4.0  0.6502  1.2083  0  10
20  130  55  188  189  3.4182  3.4364  0.6915  0.6878  0  10
20  128  20  172  187  8.6  9.35  0.7442  0.6845  0  0
20  151  36  189  193  5.25  5.3611  0.7989  0.7824  10  10
20  144  28  97  100  3.4643  3.5714  1.4845  1.44  0  10
20  171  64  199  226  3.1094  3.5312  0.8593  0.7566  0  10
20  130  39  133  108  3.4103  2.7692  0.9774  1.2037  0  10
20  139  56  203  187  3.625  3.3393  0.6847  0.7433  0  7
20  138  61  222  136  3.6393  2.2295  0.6216  1.0147  4  0
20  138  24  170  160  7.0833  6.6667  0.8118  0.8625  0  10
20  152  37  71  76  1.9189  2.0541  2.1408  2.0  0  10
20  153  39  232  321  5.9487  8.2308  0.6595  0.4766  0  10
20  140  62  190  140  3.0645  2.2581  0.7368  1.0  0  0
20  154  46  189  186  4.1087  4.0435  0.8148  0.828  0  0
20  144  37  160  160  4.3243  4.3243  0.9  0.9  0  0
20  143  54  171  155  3.1667  2.8704  0.8363  0.9226  10  0
20  152  63  237  241  3.7619  3.8254  0.6414  0.6307  10  0
20  146  60  162  122  2.7  2.0333  0.9012  1.1967  10  0
20  150  59  140  189  2.3729  3.2034  1.0714  0.7937  0  10
20  120  57  138  167  2.4211  2.9298  0.8696  0.7186  0  10
20  153  31  195  187  6.2903  6.0323  0.7846  0.8182  0  10
20  144  38  183  212  4.8158  5.5789  0.7869  0.6792  0  0
20  187  37  235  242  6.3514  6.5405  0.7957  0.7727  10  0
20  178  61  154  153  2.5246  2.5082  1.1558  1.1634  0  10
20  164  35  177  177  5.0571  5.0571  0.9266  0.9266  0  10
20  153  69  96  100  1.3913  1.4493  1.5938  1.53  0  10
20  142  52  160  128  3.0769  2.4615  0.8875  1.1094  0  0
20  189  78  242  364  3.1026  4.6667  0.781  0.5192  10  0
20  158  59  175  155  2.9661  2.6271  0.9029  1.0194  10  0
20  193  63  195  171  3.0952  2.7143  0.9897  1.1287  10  0
20  150  70  197  150  2.8143  2.1429  0.7614  1.0  0  0
20  164  21  166  182  7.9048  8.6667  0.988  0.9011  0  10
20  136  36  170  198  4.7222  5.5  0.8  0.6869  0  0
20  171  48  182  165  3.7917  3.4375  0.9396  1.0364  10  0
20  172  43  169  202  3.9302  4.6977  1.0178  0.8515  10  0
20  168  61  252  288  4.1311  4.7213  0.6667  0.5833  0  0
20  149  29  160  213  5.5172  7.3448  0.9313  0.6995  10  0
20  197  83  201  284  2.4217  3.4217  0.9801  0.6937  0  10
20  148  66  187  148  2.8333  2.2424  0.7914  1.0  0  10
20  202  64  197  168  3.0781  2.625  1.0254  1.2024  0  10
20  124  29  183  219  6.3103  7.5517  0.6776  0.5662  10  0
20  214  54  226  190  4.1852  3.5185  0.9469  1.1263  10  0
20  174  60  185  293  3.0833  4.8833  0.9405  0.5939  10  0
20  174  38  169  166  4.4474  4.3684  1.0296  1.0482  0  10
20  173  42  188  265  4.4762  6.3095  0.9202  0.6528  10  0
20  164  34  165  144  4.8529  4.2353  0.9939  1.1389  10  10
20  181  32  220  180  6.875  5.625  0.8227  1.0056  0  0
20  133  45  192  208  4.2667  4.6222  0.6927  0.6394  10  0
20  179  50  220  228  4.4  4.56  0.8136  0.7851  0  10
20  152  31  142  160  4.5806  5.1613  1.0704  0.95  10  0
20  153  41  127  108  3.0976  2.6341  1.2047  1.4167  0  0
20  161  45  166  259  3.6889  5.7556  0.9699  0.6216  10  10
20  163  41  189  182  4.6098  4.439  0.8624  0.8956  10  10
20  149  57  140  138  2.4561  2.4211  1.0643  1.0797  0  0
20  142  30  176  161  5.8667  5.3667  0.8068  0.882  10  10
20  159  44  273  221  6.2045  5.0227  0.5824  0.7195  0  10
20  179  111  205  197  1.8468  1.7748  0.8732  0.9086  0  10
20  193  38  210  214  5.5263  5.6316  0.919  0.9019  10  10
20  153  37  207  209  5.5946  5.6486  0.7391  0.7321  0  0
20  145  57  154  229  2.7018  4.0175  0.9416  0.6332  10  10
20  195  77  319  309  4.1429  4.013  0.6113  0.6311  10  10
20  142  31  161  239  5.1935  7.7097  0.882  0.5941  0  10
20  178  62  171  171  2.7581  2.7581  1.0409  1.0409  0  0
20  197  45  142  173  3.1556  3.8444  1.3873  1.1387  10  10
20  146  68  160  182  2.3529  2.6765  0.9125  0.8022  0  0
20  178  49  230  257  4.6939  5.2449  0.7739  0.6926  10  10
20  183  41  269  180  6.561  4.3902  0.6803  1.0167  10  10
20  202  79  244  208  3.0886  2.6329  0.8279  0.9712  0  0
20  201  86  211  192  2.4535  2.2326  0.9526  1.0469  10  10
20  156  37  198  250  5.3514  6.7568  0.7879  0.624  0  17
20  197  63  224  294  3.5556  4.6667  0.8795  0.6701  1  0
20  192  42  186  231  4.4286  5.5  1.0323  0.8312  0  10
20  162  62  253  199  4.0806  3.2097  0.6403  0.8141  0  10
20  160  45  242  239  5.3778  5.3111  0.6612  0.6695  10  0
20  163  46  187  180  4.0652  3.913  0.8717  0.9056  10  10
20  159  38  264  283  6.9474  7.4474  0.6023  0.5618  0  0
20  195  61  224  182  3.6721  2.9836  0.8705  1.0714  10  0
20  220  40  298  291  7.45  7.275  0.7383  0.756  10  10
20  208  70  243  237  3.4714  3.3857  0.856  0.8776  0  10
20  180  49  201  317  4.102  6.4694  0.8955  0.5678  0  0
20  216  39  316  327  8.1026  8.3846  0.6835  0.6606  10  0
20  218  69  211  266  3.058  3.8551  1.0332  0.8195  0  10
20  226  46  436  258  9.4783  5.6087  0.5183  0.876  10  10
20  267  50  300  304  6.0  6.08  0.89  0.8783  10  10
20  222  43  194  193  4.5116  4.4884  1.1443  1.1503  10  10
20  277  58  238  224  4.1034  3.8621  1.1639  1.2366  0  0
20  218  40  163  177  4.075  4.425  1.3374  1.2316  0  12
20  290  138  294  290  2.1304  2.1014  0.9864  1.0  9  6
20  227  109  237  219  2.1743  2.0092  0.9578  1.0365  0  10
20  221  77  241  245  3.1299  3.1818  0.917  0.902  10  10
20  207  90  240  207  2.6667  2.3  0.8625  1.0  0  0
20  245  97  348  268  3.5876  2.7629  0.704  0.9142  0  10
20  255  63  284  237  4.5079  3.7619  0.8979  1.0759  0  10
20  253  47  228  235  4.8511  5.0  1.1096  1.0766  0  10
20  260  113  268  332  2.3717  2.9381  0.9701  0.7831  0  0
20  193  83  272  251  3.2771  3.0241  0.7096  0.7689  0  10
20  235  57  237  298  4.1579  5.2281  0.9916  0.7886  10  10
20  259  75  283  282  3.7733  3.76  0.9152  0.9184  10  0
20  195  37  220  236  5.9459  6.3784  0.8864  0.8263  10  10
20  226  130  205  296  1.5769  2.2769  1.1024  0.7635  0  0
20  203  89  233  182  2.618  2.0449  0.8712  1.1154  10  0
20  225  39  218  215  5.5897  5.5128  1.0321  1.0465  0  10
20  201  78  250  230  3.2051  2.9487  0.804  0.8739  10  10
20  207  41  268  218  6.5366  5.3171  0.7724  0.9495  10  0
20  240  55  295  261  5.3636  4.7455  0.8136  0.9195  0  10
20  215  46  276  477  6.0  10.3696  0.779  0.4507  0  10
20  257  84  301  316  3.5833  3.7619  0.8538  0.8133  10  10
20  165  87  292  370  3.3563  4.2529  0.5651  0.4459  10  0
20  227  97  231  250  2.3814  2.5773  0.9827  0.908  10  10
20  199  89  261  211  2.9326  2.3708  0.7625  0.9431  0  0
20  332  59  470  513  7.9661  8.6949  0.7064  0.6472  0  10
20  305  96  474  398  4.9375  4.1458  0.6435  0.7663  10  0
20  316  80  319  334  3.9875  4.175  0.9906  0.9461  10  0
20  274  55  319  371  5.8  6.7455  0.8589  0.7385  6  0
20  335  104  391  254  3.7596  2.4423  0.8568  1.3189  10  10
20  285  83  303  404  3.6506  4.8675  0.9406  0.7054  0  10
20  282  150  252  311  1.68  2.0733  1.119  0.9068  0  0
20  261  53  322  320  6.0755  6.0377  0.8106  0.8156  10  10
20  303  150  417  366  2.78  2.44  0.7266  0.8279  0  0
20  292  64  512  451  8.0  7.0469  0.5703  0.6475  10  0
20  276  66  225  218  3.4091  3.303  1.2267  1.2661  10  10
20  315  87  386  420  4.4368  4.8276  0.8161  0.75  10  0
20  259  103  291  222  2.8252  2.1553  0.89  1.1667  0  10
20  194  46  200  189  4.3478  4.1087  0.97  1.0265  0  0
20  264  74  260  208  3.5135  2.8108  1.0154  1.2692  10  10
20  329  152  299  354  1.9671  2.3289  1.1003  0.9294  10  10
20  293  93  419  332  4.5054  3.5699  0.6993  0.8825  10  10
20  250  30  412  302  13.7333  10.0667  0.6068  0.8278  10  10
20  270  49  301  324  6.1429  6.6122  0.897  0.8333  10  10
20  288  85  494  635  5.8118  7.4706  0.583  0.4535  10  0
20  252  124  336  287  2.7097  2.3145  0.75  0.878  10  10
20  264  54  357  317  6.6111  5.8704  0.7395  0.8328  0  0
20  330  119  396  463  3.3277  3.8908  0.8333  0.7127  10  0
20  292  76  448  330  5.8947  4.3421  0.6518  0.8848  0  0
20  362  107  395  424  3.6916  3.9626  0.9165  0.8538  10  10
20  323  84  391  333  4.6548  3.9643  0.8261  0.97  0  10
20  224  64  236  423  3.6875  6.6094  0.9492  0.5296  10  10
20  299  98  313  332  3.1939  3.3878  0.9553  0.9006  10  10
20  304  36  333  357  9.25  9.9167  0.9129  0.8515  10  10
20  267  52  334  343  6.4231  6.5962  0.7994  0.7784  0  0
20  218  52  407  423  7.8269  8.1346  0.5356  0.5154  0  10
20  262  66  328  403  4.9697  6.1061  0.7988  0.6501  10  0
20  320  123  488  325  3.9675  2.6423  0.6557  0.9846  10  10
20  276  89  309  340  3.4719  3.8202  0.8932  0.8118  0  0
20  289  92  266  266  2.8913  2.8913  1.0865  1.0865  10  10
20  286  162  392  274  2.4198  1.6914  0.7296  1.0438  0  0
20  265  70  300  339  4.2857  4.8429  0.8833  0.7817  10  10
20  232  56  421  396  7.5179  7.0714  0.5511  0.5859  10  10
20  298  44  364  413  8.2727  9.3864  0.8187  0.7215  10  10
20  388  93  366  344  3.9355  3.6989  1.0601  1.1279  10  10
20  323  87  470  490  5.4023  5.6322  0.6872  0.6592  0  0
20  311  152  380  378  2.5  2.4868  0.8184  0.8228  10  10
20  231  76  381  392  5.0132  5.1579  0.6063  0.5893  0  0
20  281  60  335  263  5.5833  4.3833  0.8388  1.0684  10  10
20  274  126  402  409  3.1905  3.246  0.6816  0.6699  0  0
20  307  58  255  175  4.3966  3.0172  1.2039  1.7543  10  10
20  349  120  368  343  3.0667  2.8583  0.9484  1.0175  10  0
20  334  170  364  346  2.1412  2.0353  0.9176  0.9653  10  10
20  302  124  315  321  2.5403  2.5887  0.9587  0.9408  10  10
20  305  73  460  447  6.3014  6.1233  0.663  0.6823  10  20
20  309  99  380  375  3.8384  3.7879  0.8132  0.824  10  15
20  367  155  382  351  2.4645  2.2645  0.9607  1.0456  8  5
20  254  80  280  327  3.5  4.0875  0.9071  0.7768  10  0
20  271  67  217  417  3.2388  6.2239  1.2488  0.6499  0  0
20  324  123  331  326  2.6911  2.6504  0.9789  0.9939  10  10
20  370  178  459  453  2.5787  2.5449  0.8061  0.8168  0  10
20  329  117  364  424  3.1111  3.6239  0.9038  0.7759  10  10
20  252  101  312  328  3.0891  3.2475  0.8077  0.7683  0  10
20  317  117  322  343  2.7521  2.9316  0.9845  0.9242  15  2
20  268  68  437  464  6.4265  6.8235  0.6133  0.5776  10  10
20  292  113  283  219  2.5044  1.9381  1.0318  1.3333  10  10
20  404  122  470  519  3.8525  4.2541  0.8596  0.7784  0  10
20  313  108  563  351  5.213  3.25  0.556  0.8917  0  10
20  307  102  308  280  3.0196  2.7451  0.9968  1.0964  0  0
20  231  76  261  239  3.4342  3.1447  0.8851  0.9665  10  10
20  343  84  296  282  3.5238  3.3571  1.1588  1.2163  10  10
20  319  154  378  347  2.4545  2.2532  0.8439  0.9193  0  10
20  321  129  416  335  3.2248  2.5969  0.7716  0.9582  10  10
20  319  83  358  335  4.3133  4.0361  0.8911  0.9522  0  0
20  332  136  384  351  2.8235  2.5809  0.8646  0.9459  10  10
20  324  104  337  527  3.2404  5.0673  0.9614  0.6148  0  0
20  356  82  279  296  3.4024  3.6098  1.276  1.2027  0  0
20  267  109  314  332  2.8807  3.0459  0.8503  0.8042  10  10
