1  2  194
1  3  68
2  4  214
2  5  62
2  6  243
2  7  219
3  8  56
3  9  193
3  10  161
4  11  181
5  12  259
6  12  57
7  13  105
8  14  13
9  15  220
10  16  197
11  17  61
12  18  248
13  19  246
13  20  156
14  21  100
15  22  120
16  23  97
17  24  108
18  25  164
19  25  242
20  26  1
21  27  73
22  28  255
23  29  238
24  30  194
25  31  132
26  32  33
27  33  123
28  33  129
29  34  275
30  35  244
30  36  25
31  37  28
32  38  142
33  40  86
33  39  38
34  41  85
35  42  167
36  43  25
37  44  17
38  45  256
39  46  75
40  47  72
41  47  160
42  48  14
43  49  220
44  50  201
45  51  104
46  52  42
47  53  15
47  54  169
48  55  227
49  55  217
50  56  218
51  56  2
52  57  50
53  58  140
54  59  5
55  60  235
56  61  263
57  62  169
57  63  254
58  64  158
58  65  8
59  66  175
60  67  202
61  68  46
62  69  156
63  70  140
64  71  182
65  72  108
66  73  32
67  74  29
68  75  150
69  76  2
70  77  124
71  78  112
72  79  242
73  79  15
74  80  176
75  80  84
76  80  175
77  80  68
78  80  141
79  80  27
