17  17  19  11  17
10  5  9  10  10
2  2  1  1  1
12  17  21  21  8
21  13  19  19  11
20  24  22  13  18
16  20  18  21  8
3  3  7  5  5
1  3  3  1  2
20  24  8  10  16
13  6  8  17  7
6  10  8  6  9
2  4  2  3  6
4  3  2  3  5
7  15  17  18  15
7  10  10  11  4
1  2  3  2  3
14  16  10  9  11
8  9  12  10  14
7  5  9  8  7
10  8  17  12  15
11  11  6  15  7
10  15  9  11  15
14  16  8  17  11
2  1  1  1  2
11  9  9  14  15
6  2  5  4  3
3  4  5  5  3
3  3  2  4  2
6  6  2  4  2
4  5  4  4  3
3  6  8  3  7
7  4  6  8  5
16  19  16  8  19
20  12  19  19  9
20  12  12  12  12
16  13  6  18  17
7  7  9  12  7
18  10  8  15  14
6  15  9  11  10
