1  2  70
1  3  119
2  8  132
2  4  44
2  5  132
2  6  30
2  7  153
3  9  130
3  10  115
3  11  137
3  12  28
4  13  106
4  14  19
4  15  38
5  16  105
5  17  127
5  18  125
6  19  117
6  20  61
6  21  119
6  22  125
7  23  81
8  24  146
8  25  126
8  26  94
9  27  137
9  28  19
10  29  117
11  30  136
11  31  156
12  32  90
12  33  33
13  34  41
14  34  131
15  34  146
16  34  94
17  34  3
18  35  13
19  35  140
20  35  142
21  36  2
22  36  61
23  37  71
24  37  114
25  37  159
26  37  151
27  38  136
28  38  70
29  38  6
30  38  140
31  39  114
32  39  119
33  39  138
34  40  156
35  40  94
36  40  129
37  40  20
38  40  116
39  40  147
