1  2  53
1  3  51
1  4  51
2  5  117
3  6  129
3  7  44
4  8  96
4  9  48
4  10  102
5  11  24
5  12  8
5  13  113
5  14  41
6  16  67
6  17  90
6  18  16
6  15  26
7  19  149
7  20  148
7  21  59
7  22  124
7  23  107
8  24  54
8  25  105
8  26  14
9  27  159
9  28  23
9  29  29
10  32  143
10  30  51
10  31  57
11  33  81
12  33  146
13  34  91
14  34  56
15  34  61
16  34  107
17  35  42
18  35  45
19  35  125
20  35  25
21  36  7
22  36  62
23  36  112
24  37  62
25  37  31
26  37  122
27  38  5
28  38  126
29  39  53
30  39  95
31  39  2
32  39  122
33  40  73
34  40  15
35  40  29
36  40  137
37  40  56
38  40  105
39  40  16
