1  2  30
1  3  12
1  4  59
1  5  91
2  6  20
3  7  64
4  8  5
4  9  32
5  10  63
5  11  1
6  12  152
7  16  28
7  13  159
7  14  67
7  15  5
8  17  70
8  18  151
9  19  93
9  20  127
9  21  60
10  24  64
10  25  5
10  22  92
10  23  120
11  26  141
12  27  11
13  27  40
14  28  133
15  28  29
16  29  54
17  30  123
18  30  139
19  31  27
20  31  39
21  32  149
22  32  97
23  32  13
24  32  116
25  32  136
26  33  66
27  34  54
28  35  11
29  36  24
30  37  14
31  38  64
32  38  122
33  39  147
34  40  8
35  40  143
36  40  44
37  40  16
38  40  34
39  40  135
