13  16  13  13  15
8  8  8  7  8
8  9  8  7  7
3  3  3  2  3
7  6  7  7  7
16  17  16  17  17
6  5  5  5  6
7  7  7  7  6
5  4  5  4  4
7  8  8  8  7
4  5  4  4  4
13  14  14  12  12
11  11  13  11  11
2  2  3  2  3
6  7  6  7  6
10  11  10  9  11
3  3  4  4  3
6  6  6  6  6
13  14  14  14  14
6  6  7  6  7
13  12  13  11  11
3  4  3  3  4
1  2  2  1  2
8  8  8  9  7
11  11  13  11  13
11  9  12  9  11
6  7  7  6  6
2  2  2  2  3
17  16  14  16  17
4  4  4  4  4
11  12  12  12  10
7  8  7  7  7
14  12  14  13  12
5  5  6  5  6
4  4  4  5  4
15  12  12  12  15
13  12  11  11  12
6  5  5  6  6
12  11  12  9  12
7  7  7  7  7
