15  14  15
7  6  7
5  5  6
5  6  6
13  12  13
5  5  4
10  10  10
14  13  14
21  19  21
3  3  3
22  21  22
2  1  2
15  14  15
10  10  9
13  13  12
23  22  21
13  13  13
6  5  5
12  13  12
11  12  11
4  5  4
6  6  5
20  22  23
18  18  18
21  20  19
14  15  14
11  11  10
16  16  16
5  5  5
10  10  10
17  17  17
14  15  14
3  3  3
21  24  23
5  5  4
10  10  11
21  23  24
19  18  18
12  12  11
11  10  11
11  11  11
14  15  14
11  10  11
10  10  10
22  21  23
24  22  24
24  21  23
16  16  16
8  8  8
2  1  1
17  16  17
21  20  19
20  21  19
15  15  16
7  7  6
16  15  16
19  19  21
5  6  5
18  18  18
24  22  21
