1  2  179
1  3  16
1  4  211
1  5  175
2  6  175
3  7  119
4  8  187
5  9  176
6  10  113
7  11  105
8  11  213
9  12  129
10  13  85
10  14  123
10  15  190
11  16  192
11  17  63
12  18  29
13  19  19
14  20  149
15  20  49
16  21  31
17  21  90
18  22  81
19  23  84
20  23  211
21  24  78
22  24  55
23  25  37
23  26  190
23  27  168
23  28  28
23  29  23
24  32  111
24  33  84
24  34  56
24  30  161
24  31  53
25  35  97
26  35  146
27  35  159
28  36  78
29  36  23
30  36  146
31  36  164
32  37  77
33  37  209
34  37  91
35  38  134
36  39  108
37  40  213
37  41  203
38  42  151
39  42  38
40  43  147
41  43  27
42  44  11
42  45  142
42  46  178
43  48  195
43  49  20
43  47  165
44  50  5
45  51  105
46  52  160
47  53  186
48  54  101
49  55  150
50  56  3
51  57  181
52  57  60
53  58  143
54  59  7
55  59  189
56  60  57
57  60  191
58  60  68
59  60  213
