18  18  19
3  3  4
9  11  13
8  9  8
23  21  14
4  3  3
3  4  3
3  3  3
3  3  3
8  6  6
11  9  9
3  3  4
18  21  18
8  8  6
3  5  5
2  2  2
6  6  5
3  5  5
18  22  20
21  15  22
9  8  9
8  8  7
18  26  26
15  23  17
14  15  16
20  24  19
12  16  11
11  7  8
12  15  12
8  8  10
19  21  18
20  27  20
16  14  18
4  5  3
15  11  10
9  7  6
1  1  1
16  20  18
19  19  18
9  7  7
3  3  3
4  3  3
28  21  19
16  15  19
11  12  7
21  17  15
13  21  18
2  2  1
15  18  19
17  13  17
6  6  6
11  8  10
22  18  16
7  8  9
22  27  17
9  8  6
16  14  23
11  18  14
12  12  10
9  12  13
