1  2  119
1  3  164
1  4  26
1  5  178
2  6  41
3  7  215
4  7  73
5  8  77
6  9  195
6  10  31
7  11  17
8  12  72
9  13  194
10  14  105
11  14  165
12  14  152
13  15  205
14  16  98
14  17  52
14  18  38
14  19  20
15  20  118
16  21  155
17  21  79
18  22  138
19  22  197
20  24  52
20  25  145
20  26  75
20  23  1
21  27  76
21  28  14
21  29  159
21  30  140
21  31  13
22  32  78
22  33  144
22  34  215
22  35  142
22  36  92
23  37  209
24  37  195
25  37  32
26  37  40
27  37  194
28  38  54
29  38  89
30  38  43
31  38  188
32  39  145
33  39  51
34  39  198
35  39  100
36  39  20
37  40  172
37  41  169
38  42  13
38  43  34
38  44  167
39  45  29
40  46  190
41  46  15
42  47  1
43  47  60
44  47  114
45  47  103
46  48  215
47  49  121
47  50  79
48  51  211
48  52  93
48  53  48
48  54  94
49  56  32
49  55  19
50  57  186
50  58  30
50  59  27
51  60  4
52  60  46
53  60  3
54  60  57
55  60  20
56  60  97
57  60  137
58  60  6
59  60  16
