7  8  7
10  9  9
9  8  9
16  17  17
12  12  12
18  18  18
18  17  17
7  7  6
19  21  21
23  20  22
22  20  21
4  3  3
20  19  20
14  15  15
19  20  20
21  20  21
15  15  16
19  18  18
20  20  19
19  20  20
3  3  3
20  20  20
2  2  3
19  20  19
4  5  4
3  3  3
17  17  16
2  2  3
1  1  2
3  3  3
16  16  15
5  5  4
10  10  10
15  14  14
21  19  20
8  7  7
23  21  22
21  21  20
22  20  23
11  12  12
21  23  22
4  5  5
7  7  7
1  1  2
7  8  7
20  19  19
24  23  23
2  2  1
19  20  19
15  16  16
23  23  22
8  9  9
15  14  15
4  5  5
2  2  3
8  8  9
19  19  19
15  14  15
20  19  20
19  20  19
