1  2  41
1  3  3
1  4  79
1  5  132
2  6  61
3  7  27
4  8  207
4  9  217
5  10  97
5  11  172
5  12  135
6  13  10
7  14  27
8  15  60
9  16  219
10  17  193
11  18  164
12  19  40
13  20  179
14  21  88
15  22  191
16  23  126
17  24  5
18  25  175
19  26  130
20  27  124
21  28  61
22  29  143
23  30  49
24  31  165
25  32  189
26  33  192
27  34  39
28  35  9
29  36  28
30  37  9
31  38  55
32  39  17
33  40  55
34  41  185
35  42  114
36  43  44
37  44  217
38  45  39
39  46  184
40  47  209
41  48  140
42  48  77
43  49  167
44  50  109
45  51  140
46  52  66
47  53  80
48  54  15
49  55  10
50  56  201
51  57  130
52  58  178
53  59  151
54  60  89
55  60  170
56  60  99
57  60  175
58  60  57
59  60  74
