12  10  8
8  12  7
13  10  7
10  13  11
27  27  22
28  26  23
19  14  24
10  7  15
23  27  30
11  6  7
30  20  14
13  9  10
1  1  2
13  10  15
4  6  4
12  7  11
8  8  8
6  3  5
17  14  11
12  16  12
4  2  4
15  20  14
16  23  17
4  6  8
5  5  5
20  29  28
4  7  4
15  10  7
17  13  10
14  15  17
10  14  13
2  2  2
4  5  5
4  5  6
7  12  13
8  11  14
16  21  18
12  15  15
17  30  30
16  22  18
17  17  10
2  2  1
19  28  14
7  10  9
20  18  11
16  16  11
4  7  4
14  14  18
2  3  2
11  12  10
7  7  9
4  6  7
10  12  21
9  7  9
19  15  16
14  14  10
12  11  16
5  3  3
17  10  9
4  4  3
