15  19  19
26  21  20
14  13  11
14  12  14
1  2  2
18  22  16
26  26  28
2  3  3
12  15  12
23  20  17
3  4  4
4  5  4
12  7  7
19  16  17
5  4  5
10  8  11
16  15  13
10  9  13
15  16  18
16  14  12
15  14  14
15  18  14
6  9  9
7  10  8
18  15  15
5  7  8
4  4  7
1  1  2
22  16  22
17  18  17
7  8  7
6  10  6
5  7  8
3  3  2
3  3  2
19  15  13
16  16  16
15  17  16
9  9  11
1  1  1
8  8  8
3  3  3
4  4  4
21  20  21
7  8  6
17  20  25
1  1  1
11  8  11
4  5  7
6  6  6
16  22  23
18  11  18
15  16  17
19  14  13
8  7  7
5  4  3
12  12  10
3  3  4
8  11  11
17  18  18
