60  3  4  3.7551  0.9959  124
60  3  6  3.6099  1.2849  110
60  4  11  4.619  1.4786  164
60  3  13  8.2923  1.2839  176
60  4  15  4.2521  1.0277  170
60  3  19  4.305  0.9934  178
60  3  24  4.4091  1.3333  220
60  3  30  3.0187  1.4658  120
60  4  31  4.8794  1.452  161
60  3  35  4.6566  1.4599  123
60  5  37  5.078  1.3122  155
60  3  38  4.9295  0.9688  210
60  3  41  4.6145  2.1462  364
60  3  42  5.3902  1.0121  214
60  5  45  3.6123  1.0822  143
60  5  49  3.0599  1.4868  137
60  4  53  2.9467  1.3326  240
60  3  56  3.3978  1.1268  150
60  3  64  3.9174  1.6956  248
60  5  63  6.7398  1.4511  149
60  3  65  3.4279  1.0  206
60  4  76  3.9617  1.1643  349
60  5  75  7.0938  1.2907  389
60  3  87  8.623  1.3061  234
60  3  88  4.9894  1.3923  324
60  4  91  1.8954  1.5345  170
60  5  92  12.8939  1.3396  435
60  3  94  5.0698  1.539  191
60  4  95  6.2885  1.4847  303
60  3  97  4.1761  0.9905  191
60  4  100  2.8319  1.5753  245
60  3  100  7.0588  1.45  197
60  7  12  5.581  1.3703  211
60  6  30  6.6094  1.4704  129
60  6  47  4.45  1.1592  155
60  7  47  4.5224  1.0143  326
60  6  48  7.2656  1.3634  266
