20  3  158  40  177  197  232  4.425  4.0  5.8  0.8927  0.802  0.681  4  3  2  136  3.4  1.1618  377
20  3  145  30  223  120  194  7.4333  4.0  6.4667  0.6502  1.2083  0.7474  2  3  2  184  6.1333  0.788  436
20  3  130  55  188  189  183  3.4182  3.0  3.3273  0.6915  0.6878  0.7104  2  2  2  188  3.4182  0.6915  563
20  3  128  20  172  187  166  8.6  9.0  8.3  0.7442  0.6845  0.7711  3  2  2  172  8.6  0.7442  237
20  3  151  36  189  193  238  5.25  5.0  6.6111  0.7989  0.7824  0.6345  2  2  2  189  5.25  0.7989  166
20  3  144  28  97  100  92  3.4643  3.0  3.2857  1.4845  1.44  1.5652  2  2  2  86  3.0714  1.6744  194
20  3  130  39  133  108  126  3.4103  2.0  3.2308  0.9774  1.2037  1.0317  2  2  2  127  3.2564  1.0236  1549
20  3  130  39  133  108  126  3.4103  2.0  3.2308  0.9774  1.2037  1.0317  2  2  2  133  3.4103  0.9774  1644
20  3  138  61  222  136  206  3.6393  2.0  3.377  0.6216  1.0147  0.6699  2  2  2  221  3.623  0.6244  518
20  3  138  61  222  136  206  3.6393  2.0  3.377  0.6216  1.0147  0.6699  2  2  2  136  2.2295  1.0147  1873
20  3  138  24  170  160  198  7.0833  6.0  8.25  0.8118  0.8625  0.697  4  2  2  131  5.4583  1.0534  2096
20  3  152  37  71  76  68  1.9189  2.0  1.8378  2.1408  2.0  2.2353  2  2  2  66  1.7838  2.303  275
20  3  153  39  232  321  275  5.9487  8.0  7.0513  0.6595  0.4766  0.5564  2  2  2  188  4.8205  0.8138  513
20  3  140  62  190  140  185  3.0645  2.0  2.9839  0.7368  1.0  0.7568  2  2  1  140  2.2581  1.0  309
20  3  154  46  189  186  180  4.1087  4.0  3.913  0.8148  0.828  0.8556  2  2  2  174  3.7826  0.8851  267
20  3  144  37  160  160  189  4.3243  4.0  5.1081  0.9  0.9  0.7619  2  2  2  160  4.3243  0.9  194
20  3  143  54  171  155  155  3.1667  2.0  2.8704  0.8363  0.9226  0.9226  2  2  2  128  2.3704  1.1172  258
20  3  152  63  237  241  203  3.7619  3.0  3.2222  0.6414  0.6307  0.7488  2  2  2  154  2.4444  0.987  364
20  3  146  60  162  122  149  2.7  2.0  2.4833  0.9012  1.1967  0.9799  2  2  1  143  2.3833  1.021  1872
20  3  150  59  140  189  142  2.3729  3.0  2.4068  1.0714  0.7937  1.0563  2  2  2  119  2.0169  1.2605  1746
20  3  120  57  138  167  120  2.4211  2.0  2.1053  0.8696  0.7186  1.0  2  2  2  136  2.386  0.8824  139
20  3  153  31  195  187  184  6.2903  6.0  5.9355  0.7846  0.8182  0.8315  2  2  2  168  5.4194  0.9107  1615
20  3  144  38  183  212  201  4.8158  5.0  5.2895  0.7869  0.6792  0.7164  3  2  2  135  3.5526  1.0667  2044
20  3  187  37  235  242  241  6.3514  6.0  6.5135  0.7957  0.7727  0.7759  2  2  2  209  5.6486  0.8947  520
20  3  178  61  154  153  134  2.5246  2.0  2.1967  1.1558  1.1634  1.3284  2  2  2  126  2.0656  1.4127  653
20  3  164  35  177  177  206  5.0571  5.0  5.8857  0.9266  0.9266  0.7961  2  2  2  132  3.7714  1.2424  186
20  3  153  69  96  100  93  1.3913  1.0  1.3478  1.5938  1.53  1.6452  2  2  2  96  1.3913  1.5938  753
20  3  142  52  160  128  120  3.0769  2.0  2.3077  0.8875  1.1094  1.1833  2  2  2  114  2.1923  1.2456  1395
20  3  189  78  242  364  261  3.1026  4.0  3.3462  0.781  0.5192  0.7241  2  2  2  189  2.4231  1.0  1271
20  3  158  59  175  155  185  2.9661  2.0  3.1356  0.9029  1.0194  0.8541  2  2  2  151  2.5593  1.0464  212
20  3  193  63  195  171  179  3.0952  2.0  2.8413  0.9897  1.1287  1.0782  2  2  2  175  2.7778  1.1029  407
20  3  150  70  197  150  185  2.8143  2.0  2.6429  0.7614  1.0  0.8108  2  2  1  155  2.2143  0.9677  523
20  3  164  21  166  182  202  7.9048  8.0  9.619  0.988  0.9011  0.8119  2  2  2  166  7.9048  0.988  401
20  3  136  36  170  198  188  4.7222  5.0  5.2222  0.8  0.6869  0.7234  3  2  2  170  4.7222  0.8  129
20  3  171  48  182  165  201  3.7917  3.0  4.1875  0.9396  1.0364  0.8507  2  2  2  129  2.6875  1.3256  1864
20  3  172  43  169  202  198  3.9302  4.0  4.6047  1.0178  0.8515  0.8687  2  2  2  156  3.6279  1.1026  615
20  4  149  29  160  213  218  5.5172  7.0  7.5172  0.9313  0.6995  0.6835  3  2  2  160  5.5172  0.9313  335
20  4  149  29  160  213  218  5.5172  7.0  7.5172  0.9313  0.6995  0.6835  3  2  2  160  5.5172  0.9313  912
20  4  197  83  201  284  198  2.4217  3.0  2.3855  0.9801  0.6937  0.9949  2  2  2  201  2.4217  0.9801  107
20  4  202  64  197  168  171  3.0781  2.0  2.6719  1.0254  1.2024  1.1813  2  2  2  169  2.6406  1.1953  2131
20  4  202  64  197  168  171  3.0781  2.0  2.6719  1.0254  1.2024  1.1813  2  2  2  169  2.6406  1.1953  277
20  4  124  29  183  219  187  6.3103  7.0  6.4483  0.6776  0.5662  0.6631  3  2  2  183  6.3103  0.6776  201
20  4  214  54  226  190  201  4.1852  3.0  3.7222  0.9469  1.1263  1.0647  2  2  2  163  3.0185  1.3129  265
20  4  174  60  185  293  276  3.0833  4.0  4.6  0.9405  0.5939  0.6304  2  2  2  181  3.0167  0.9613  1216
20  4  174  38  169  166  170  4.4474  4.0  4.4737  1.0296  1.0482  1.0235  2  2  2  137  3.6053  1.2701  165
20  4  173  42  188  265  209  4.4762  6.0  4.9762  0.9202  0.6528  0.8278  2  2  2  188  4.4762  0.9202  208
20  4  164  34  165  144  168  4.8529  4.0  4.9412  0.9939  1.1389  0.9762  2  2  2  122  3.5882  1.3443  266
20  4  181  32  220  180  220  6.875  5.0  6.875  0.8227  1.0056  0.8227  2  2  2  158  4.9375  1.1456  548
20  4  179  50  220  228  162  4.4  4.0  3.24  0.8136  0.7851  1.1049  2  2  2  200  4.0  0.895  712
20  4  179  50  220  228  162  4.4  4.0  3.24  0.8136  0.7851  1.1049  2  2  2  210  4.2  0.8524  3013
20  4  152  31  142  160  159  4.5806  5.0  5.129  1.0704  0.95  0.956  2  3  2  139  4.4839  1.0935  969
20  4  153  41  127  108  125  3.0976  2.0  3.0488  1.2047  1.4167  1.224  2  2  2  100  2.439  1.53  483
20  4  161  45  166  259  160  3.6889  5.0  3.5556  0.9699  0.6216  1.0063  2  2  2  166  3.6889  0.9699  2610
20  4  163  41  189  182  190  4.6098  4.0  4.6341  0.8624  0.8956  0.8579  2  2  2  181  4.4146  0.9006  946
20  4  149  57  140  138  126  2.4561  2.0  2.2105  1.0643  1.0797  1.1825  2  2  2  131  2.2982  1.1374  1006
20  4  142  30  176  161  159  5.8667  5.0  5.3  0.8068  0.882  0.8931  2  2  2  165  5.5  0.8606  1487
20  4  159  44  273  221  232  6.2045  5.0  5.2727  0.5824  0.7195  0.6853  2  2  2  165  3.75  0.9636  1897
20  4  179  111  205  197  236  1.8468  1.0  2.1261  0.8732  0.9086  0.7585  2  2  2  179  1.6126  1.0  1816
20  4  193  38  210  214  216  5.5263  5.0  5.6842  0.919  0.9019  0.8935  2  2  2  162  4.2632  1.1914  493
20  4  153  37  207  209  242  5.5946  5.0  6.5405  0.7391  0.7321  0.6322  3  2  2  152  4.1081  1.0066  548
20  4  145  57  154  229  142  2.7018  4.0  2.4912  0.9416  0.6332  1.0211  2  2  2  148  2.5965  0.9797  901
20  4  195  77  319  309  148  4.1429  4.0  1.9221  0.6113  0.6311  1.3176  2  2  2  192  2.4935  1.0156  855
20  4  142  31  161  239  136  5.1935  7.0  4.3871  0.882  0.5941  1.0441  2  2  2  136  4.3871  1.0441  597
20  4  178  62  171  171  185  2.7581  2.0  2.9839  1.0409  1.0409  0.9622  2  2  2  171  2.7581  1.0409  141
20  4  197  45  142  173  150  3.1556  3.0  3.3333  1.3873  1.1387  1.3133  3  2  2  134  2.9778  1.4701  587
20  4  146  68  160  182  170  2.3529  2.0  2.5  0.9125  0.8022  0.8588  2  2  2  130  1.9118  1.1231  699
20  4  178  49  230  257  247  4.6939  5.0  5.0408  0.7739  0.6926  0.7206  2  2  2  230  4.6939  0.7739  954
20  4  183  41  269  180  276  6.561  4.0  6.7317  0.6803  1.0167  0.663  2  2  2  193  4.7073  0.9482  875
20  4  202  79  244  208  210  3.0886  2.0  2.6582  0.8279  0.9712  0.9619  2  2  2  181  2.2911  1.116  296
20  4  201  86  211  192  201  2.4535  2.0  2.3372  0.9526  1.0469  1.0  2  2  2  211  2.4535  0.9526  476
20  4  156  37  198  250  240  5.3514  6.0  6.4865  0.7879  0.624  0.65  3  2  2  150  4.0541  1.04  181
20  4  197  63  224  294  298  3.5556  4.0  4.7302  0.8795  0.6701  0.6611  2  2  2  224  3.5556  0.8795  103
20  4  192  42  186  231  253  4.4286  5.0  6.0238  1.0323  0.8312  0.7589  2  2  2  147  3.5  1.3061  845
20  4  162  62  253  199  183  4.0806  3.0  2.9516  0.6403  0.8141  0.8852  2  2  2  159  2.5645  1.0189  365
20  4  160  45  242  239  191  5.3778  5.0  4.2444  0.6612  0.6695  0.8377  3  2  2  213  4.7333  0.7512  953
20  4  163  46  187  180  163  4.0652  3.0  3.5435  0.8717  0.9056  1.0  2  2  2  156  3.3913  1.0449  711
20  5  159  38  264  283  258  6.9474  7.0  6.7895  0.6023  0.5618  0.6163  3  2  2  232  6.1053  0.6853  1499
20  5  195  61  224  182  185  3.6721  2.0  3.0328  0.8705  1.0714  1.0541  2  2  2  155  2.541  1.2581  2696
20  5  220  40  298  291  346  7.45  7.0  8.65  0.7383  0.756  0.6358  3  3  2  276  6.9  0.7971  329
20  5  208  70  243  237  212  3.4714  3.0  3.0286  0.856  0.8776  0.9811  2  2  2  243  3.4714  0.856  215
20  5  180  49  201  317  223  4.102  6.0  4.551  0.8955  0.5678  0.8072  3  2  2  186  3.7959  0.9677  1921
20  5  216  39  316  327  237  8.1026  8.0  6.0769  0.6835  0.6606  0.9114  3  2  2  234  6.0  0.9231  2718
20  5  218  69  211  266  250  3.058  3.0  3.6232  1.0332  0.8195  0.872  3  3  2  148  2.1449  1.473  407
20  5  226  46  436  258  295  9.4783  5.0  6.413  0.5183  0.876  0.7661  3  2  2  231  5.0217  0.9784  1709
20  5  267  50  300  304  316  6.0  6.0  6.32  0.89  0.8783  0.8449  3  3  2  300  6.0  0.89  1473
20  5  222  43  194  193  221  4.5116  4.0  5.1395  1.1443  1.1503  1.0045  3  3  2  194  4.5116  1.1443  376
20  5  277  58  238  224  315  4.1034  3.0  5.431  1.1639  1.2366  0.8794  3  3  2  238  4.1034  1.1639  968
20  5  218  40  163  177  172  4.075  4.0  4.3  1.3374  1.2316  1.2674  3  2  2  160  4.0  1.3625  276
20  5  290  138  294  290  319  2.1304  2.0  2.3116  0.9864  1.0  0.9091  2  2  2  269  1.9493  1.0781  473
20  5  227  109  237  219  224  2.1743  2.0  2.055  0.9578  1.0365  1.0134  2  2  2  237  2.1743  0.9578  110
20  5  221  77  241  245  289  3.1299  3.0  3.7532  0.917  0.902  0.7647  3  3  2  241  3.1299  0.917  315
20  5  207  90  240  207  167  2.6667  2.0  1.8556  0.8625  1.0  1.2395  2  2  2  171  1.9  1.2105  794
20  5  245  97  348  268  331  3.5876  2.0  3.4124  0.704  0.9142  0.7402  2  2  2  256  2.6392  0.957  5143
20  5  255  63  284  237  283  4.5079  3.0  4.4921  0.8979  1.0759  0.9011  2  2  2  284  4.5079  0.8979  214
20  5  253  47  228  235  203  4.8511  5.0  4.3191  1.1096  1.0766  1.2463  3  3  2  185  3.9362  1.3676  1314
20  5  260  113  268  332  263  2.3717  2.0  2.3274  0.9701  0.7831  0.9886  2  2  2  254  2.2478  1.0236  252
20  5  193  83  272  251  252  3.2771  3.0  3.0361  0.7096  0.7689  0.7659  3  2  2  237  2.8554  0.8143  550
20  5  235  57  237  298  311  4.1579  5.0  5.4561  0.9916  0.7886  0.7556  3  3  2  237  4.1579  0.9916  146
20  5  259  75  283  282  287  3.7733  3.0  3.8267  0.9152  0.9184  0.9024  2  3  2  213  2.84  1.216  701
20  5  195  37  220  236  233  5.9459  6.0  6.2973  0.8864  0.8263  0.8369  2  2  2  202  5.4595  0.9653  2696
20  5  226  130  205  296  170  1.5769  2.0  1.3077  1.1024  0.7635  1.3294  2  2  2  172  1.3231  1.314  141
20  5  203  89  233  182  224  2.618  2.0  2.5169  0.8712  1.1154  0.9063  2  2  2  218  2.4494  0.9312  490
20  5  225  39  218  215  218  5.5897  5.0  5.5897  1.0321  1.0465  1.0321  3  2  2  197  5.0513  1.1421  466
20  5  201  78  250  230  195  3.2051  2.0  2.5  0.804  0.8739  1.0308  3  3  2  177  2.2692  1.1356  275
20  5  207  41  268  218  256  6.5366  5.0  6.2439  0.7724  0.9495  0.8086  3  3  2  268  6.5366  0.7724  140
20  5  240  55  295  261  389  5.3636  4.0  7.0727  0.8136  0.9195  0.617  3  3  2  295  5.3636  0.8136  146
20  5  215  46  276  477  358  6.0  10.0  7.7826  0.779  0.4507  0.6006  2  2  2  264  5.7391  0.8144  1127
20  5  257  84  301  316  343  3.5833  3.0  4.0833  0.8538  0.8133  0.7493  3  3  2  299  3.5595  0.8595  1287
20  5  165  87  292  370  189  3.3563  4.0  2.1724  0.5651  0.4459  0.873  3  2  2  165  1.8966  1.0  386
20  5  227  97  231  250  209  2.3814  2.0  2.1546  0.9827  0.908  1.0861  2  2  2  200  2.0619  1.135  216
20  5  199  89  261  211  199  2.9326  2.0  2.236  0.7625  0.9431  1.0  2  2  2  239  2.6854  0.8326  859
20  6  332  59  470  513  480  7.9661  8.0  8.1356  0.7064  0.6472  0.6917  3  3  2  470  7.9661  0.7064  137
20  6  305  96  474  398  439  4.9375  4.0  4.5729  0.6435  0.7663  0.6948  3  3  2  361  3.7604  0.8449  558
20  6  316  80  319  334  257  3.9875  4.0  3.2125  0.9906  0.9461  1.2296  2  2  2  296  3.7  1.0676  814
20  6  274  55  319  371  380  5.8  6.0  6.9091  0.8589  0.7385  0.7211  3  3  3  319  5.8  0.8589  157
20  6  335  104  391  254  381  3.7596  2.0  3.6635  0.8568  1.3189  0.8793  3  3  2  288  2.7692  1.1632  2127
20  6  285  83  303  404  341  3.6506  4.0  4.1084  0.9406  0.7054  0.8358  3  3  2  303  3.6506  0.9406  135
20  6  282  150  252  311  212  1.68  2.0  1.4133  1.119  0.9068  1.3302  2  2  2  208  1.3867  1.3558  634
20  6  261  53  322  320  375  6.0755  6.0  7.0755  0.8106  0.8156  0.696  3  3  2  322  6.0755  0.8106  295
20  6  303  150  417  366  286  2.78  2.0  1.9067  0.7266  0.8279  1.0594  2  2  2  340  2.2667  0.8912  785
20  6  292  64  512  451  520  8.0  7.0  8.125  0.5703  0.6475  0.5615  3  3  2  343  5.3594  0.8513  361
20  6  276  66  225  218  213  3.4091  3.0  3.2273  1.2267  1.2661  1.2958  3  2  3  218  3.303  1.2661  1665
20  6  315  87  386  420  403  4.4368  4.0  4.6322  0.8161  0.75  0.7816  3  2  2  386  4.4368  0.8161  229
20  6  259  103  291  222  233  2.8252  2.0  2.2621  0.89  1.1667  1.1116  2  2  2  226  2.1942  1.146  2170
20  6  194  46  200  189  226  4.3478  4.0  4.913  0.97  1.0265  0.8584  3  3  2  187  4.0652  1.0374  392
20  6  264  74  260  208  163  3.5135  2.0  2.2027  1.0154  1.2692  1.6196  2  3  2  191  2.5811  1.3822  1671
20  6  329  152  299  354  294  1.9671  2.0  1.9342  1.1003  0.9294  1.119  3  2  2  260  1.7105  1.2654  1571
20  6  293  93  419  332  444  4.5054  3.0  4.7742  0.6993  0.8825  0.6599  3  2  2  326  3.5054  0.8988  323
20  6  250  30  412  302  452  13.7333  10.0  15.0667  0.6068  0.8278  0.5531  3  2  2  233  7.7667  1.073  267
20  6  270  49  301  324  297  6.1429  6.0  6.0612  0.897  0.8333  0.9091  3  2  2  294  6.0  0.9184  2685
20  6  288  85  494  635  452  5.8118  7.0  5.3176  0.583  0.4535  0.6372  3  2  2  402  4.7294  0.7164  611
20  6  252  124  336  287  264  2.7097  2.0  2.129  0.75  0.878  0.9545  2  2  2  240  1.9355  1.05  307
20  6  264  54  357  317  270  6.6111  5.0  5.0  0.7395  0.8328  0.9778  3  2  2  357  6.6111  0.7395  340
20  6  330  119  396  463  314  3.3277  3.0  2.6387  0.8333  0.7127  1.051  3  2  2  396  3.3277  0.8333  420
20  6  292  76  448  330  409  5.8947  4.0  5.3816  0.6518  0.8848  0.7139  3  2  2  379  4.9868  0.7704  689
20  6  362  107  395  424  392  3.6916  3.0  3.6636  0.9165  0.8538  0.9235  3  2  2  293  2.7383  1.2355  860
20  6  323  84  391  333  418  4.6548  3.0  4.9762  0.8261  0.97  0.7727  3  3  2  391  4.6548  0.8261  674
20  6  224  64  236  423  237  3.6875  6.0  3.7031  0.9492  0.5296  0.9451  3  2  2  236  3.6875  0.9492  124
20  6  299  98  313  332  438  3.1939  3.0  4.4694  0.9553  0.9006  0.6826  3  3  2  300  3.0612  0.9967  2960
20  6  304  36  333  357  368  9.25  9.0  10.2222  0.9129  0.8515  0.8261  3  2  2  333  9.25  0.9129  626
20  6  267  52  334  343  309  6.4231  6.0  5.9423  0.7994  0.7784  0.8641  3  3  2  293  5.6346  0.9113  175
20  6  218  52  407  423  410  7.8269  8.0  7.8846  0.5356  0.5154  0.5317  3  3  2  210  4.0385  1.0381  2553
20  6  262  66  328  403  277  4.9697  6.0  4.197  0.7988  0.6501  0.9458  3  2  2  328  4.9697  0.7988  296
20  6  320  123  488  325  358  3.9675  2.0  2.9106  0.6557  0.9846  0.8939  3  2  2  288  2.3415  1.1111  878
20  6  276  89  309  340  232  3.4719  3.0  2.6067  0.8932  0.8118  1.1897  2  2  2  309  3.4719  0.8932  470
20  6  289  92  266  266  289  2.8913  2.0  3.1413  1.0865  1.0865  1.0  2  2  2  266  2.8913  1.0865  112
20  6  286  162  392  274  286  2.4198  1.0  1.7654  0.7296  1.0438  1.0  2  2  2  299  1.8457  0.9565  813
20  6  265  70  300  339  254  4.2857  4.0  3.6286  0.8833  0.7817  1.0433  2  2  2  228  3.2571  1.1623  1020
20  6  232  56  421  396  333  7.5179  7.0  5.9464  0.5511  0.5859  0.6967  2  2  2  341  6.0893  0.6804  491
20  6  298  44  364  413  400  8.2727  9.0  9.0909  0.8187  0.7215  0.745  3  3  2  362  8.2273  0.8232  292
20  7  388  93  366  344  362  3.9355  3.0  3.8925  1.0601  1.1279  1.0718  3  3  3  366  3.9355  1.0601  869
20  7  323  87  470  490  481  5.4023  5.0  5.5287  0.6872  0.6592  0.6715  3  2  2  297  3.4138  1.0875  578
20  7  311  152  380  378  359  2.5  2.0  2.3618  0.8184  0.8228  0.8663  2  2  2  315  2.0724  0.9873  901
20  7  231  76  381  392  380  5.0132  5.0  5.0  0.6063  0.5893  0.6079  3  3  3  358  4.7105  0.6453  2479
20  7  281  60  335  263  350  5.5833  4.0  5.8333  0.8388  1.0684  0.8029  2  3  2  263  4.3833  1.0684  2180
20  7  274  126  402  409  445  3.1905  3.0  3.5317  0.6816  0.6699  0.6157  3  2  2  402  3.1905  0.6816  2550
20  7  307  58  255  175  255  4.3966  3.0  4.3966  1.2039  1.7543  1.2039  3  3  2  175  3.0172  1.7543  1662
20  7  349  120  368  343  370  3.0667  2.0  3.0833  0.9484  1.0175  0.9432  3  2  2  251  2.0917  1.3904  746
20  7  334  170  364  346  359  2.1412  2.0  2.1118  0.9176  0.9653  0.9304  2  2  2  364  2.1412  0.9176  120
20  7  302  124  315  321  310  2.5403  2.0  2.5  0.9587  0.9408  0.9742  3  3  2  315  2.5403  0.9587  768
20  7  305  73  460  447  429  6.3014  6.0  5.8767  0.663  0.6823  0.711  3  3  3  291  3.9863  1.0481  253
20  7  309  99  380  375  407  3.8384  3.0  4.1111  0.8132  0.824  0.7592  3  3  3  380  3.8384  0.8132  180
20  7  367  155  382  351  347  2.4645  2.0  2.2387  0.9607  1.0456  1.0576  2  2  2  291  1.8774  1.2612  1169
20  7  254  80  280  327  301  3.5  4.0  3.7625  0.9071  0.7768  0.8439  2  2  2  203  2.5375  1.2512  278
20  7  271  67  217  417  409  3.2388  6.0  6.1045  1.2488  0.6499  0.6626  2  3  2  217  3.2388  1.2488  115
20  7  324  123  331  326  240  2.6911  2.0  1.9512  0.9789  0.9939  1.35  2  2  2  208  1.6911  1.5577  812
20  7  370  178  459  453  469  2.5787  2.0  2.6348  0.8061  0.8168  0.7889  3  3  3  457  2.5674  0.8096  352
20  7  329  117  364  424  387  3.1111  3.0  3.3077  0.9038  0.7759  0.8501  2  2  2  333  2.8462  0.988  309
20  7  252  101  312  328  255  3.0891  3.0  2.5248  0.8077  0.7683  0.9882  2  2  2  233  2.3069  1.0815  944
20  7  317  117  322  343  242  2.7521  2.0  2.0684  0.9845  0.9242  1.3099  3  2  2  230  1.9658  1.3783  1218
20  7  268  68  437  464  370  6.4265  6.0  5.4412  0.6133  0.5776  0.7243  3  3  2  371  5.4559  0.7224  297
20  7  292  113  283  219  227  2.5044  1.0  2.0088  1.0318  1.3333  1.2863  2  3  2  214  1.8938  1.3645  1735
20  7  404  122  470  519  465  3.8525  4.0  3.8115  0.8596  0.7784  0.8688  3  3  3  470  3.8525  0.8596  211
20  7  313  108  563  351  431  5.213  3.0  3.9907  0.556  0.8917  0.7262  2  3  2  495  4.5833  0.6323  356
20  7  307  102  308  280  263  3.0196  2.0  2.5784  0.9968  1.0964  1.1673  2  3  3  255  2.5  1.2039  1276
20  7  231  76  261  239  248  3.4342  3.0  3.2632  0.8851  0.9665  0.9315  3  3  2  194  2.5526  1.1907  299
20  7  343  84  296  282  301  3.5238  3.0  3.5833  1.1588  1.2163  1.1395  3  3  3  250  2.9762  1.372  501
20  7  343  84  296  282  301  3.5238  3.0  3.5833  1.1588  1.2163  1.1395  4  2  3  250  2.9762  1.372  992
20  7  321  129  416  335  327  3.2248  2.0  2.5349  0.7716  0.9582  0.9817  3  2  2  358  2.7752  0.8966  1954
20  7  319  83  358  335  385  4.3133  4.0  4.6386  0.8911  0.9522  0.8286  3  3  3  343  4.1325  0.93  580
20  7  332  136  384  351  308  2.8235  2.0  2.2647  0.8646  0.9459  1.0779  3  2  2  296  2.1765  1.1216  574
20  7  324  104  337  527  431  3.2404  5.0  4.1442  0.9614  0.6148  0.7517  3  3  3  337  3.2404  0.9614  1699
20  7  356  82  279  296  298  3.4024  3.0  3.6341  1.276  1.2027  1.1946  3  3  2  279  3.4024  1.276  715
20  7  267  109  314  332  294  2.8807  3.0  2.6972  0.8503  0.8042  0.9082  2  2  2  262  2.4037  1.0191  3157
