1  2  95
1  3  130
2  4  132
2  5  2
2  6  133
3  7  194
4  8  55
5  9  131
6  9  1
7  10  33
8  11  136
8  12  182
9  13  184
10  14  146
10  15  207
11  16  74
12  16  190
13  17  180
14  18  40
15  19  3
16  20  122
17  21  200
17  22  56
18  23  80
19  24  79
20  25  80
21  26  123
22  27  208
23  28  140
24  29  186
25  30  143
26  30  49
27  31  124
28  31  117
29  31  74
30  32  13
31  33  60
31  34  203
31  35  78
32  36  166
33  37  118
34  38  28
35  39  102
36  40  69
37  40  96
38  40  125
39  40  69
