1  2  25
1  3  33
1  4  47
1  5  84
1  6  43
2  7  62
3  8  86
4  8  16
5  9  54
6  10  76
7  11  76
7  12  1
7  13  80
8  14  2
9  16  38
9  15  83
10  17  53
10  18  17
11  19  16
11  20  56
12  21  4
13  22  54
14  24  12
14  23  57
15  25  29
15  26  26
16  27  69
17  28  100
17  29  55
18  30  105
19  31  42
20  32  95
21  33  22
22  34  80
23  34  45
24  34  6
25  35  28
26  35  51
27  36  100
28  36  93
29  36  14
30  36  57
31  37  76
32  37  86
33  38  33
34  38  22
35  39  107
36  39  22
37  40  8
38  40  96
39  40  87
