1  2  7
1  3  45
2  8  25
2  4  101
2  5  210
2  6  198
2  7  32
3  9  151
3  10  114
3  11  160
3  12  54
3  13  179
4  14  75
5  16  201
5  15  98
6  17  42
7  18  214
8  19  166
9  20  160
9  21  32
9  22  172
9  23  184
10  24  161
11  25  62
12  26  133
12  27  70
13  28  120
14  29  178
15  29  137
16  30  36
17  30  96
18  30  179
19  31  13
20  32  176
21  32  152
22  32  188
23  32  144
24  32  119
25  33  33
26  33  165
27  33  58
28  33  148
29  34  135
30  35  153
31  36  78
31  37  11
32  38  201
33  39  110
34  40  89
35  40  106
36  40  78
37  40  180
38  40  72
39  40  99
