1  2  205
1  3  128
1  4  184
1  5  196
2  8  152
2  6  138
2  7  195
3  9  99
3  10  183
3  11  43
4  12  109
5  13  175
6  14  126
7  14  109
8  15  67
9  16  3
10  17  100
11  18  26
12  19  30
13  19  149
14  20  105
14  21  198
15  22  159
16  23  191
17  24  64
18  25  211
18  26  15
19  27  29
20  28  43
21  29  195
22  30  168
23  31  188
24  32  190
25  33  30
26  34  216
27  34  180
28  35  43
29  36  65
30  36  130
31  37  129
32  37  66
33  38  195
34  39  39
35  40  165
36  40  53
37  40  99
38  40  99
39  40  140
