1  2  147
1  3  136
1  4  199
2  5  31
3  6  44
3  7  154
4  8  88
4  9  119
5  10  170
6  11  131
7  12  14
8  13  74
9  14  49
10  15  146
11  15  203
12  16  149
13  17  43
14  18  193
15  19  100
15  20  82
15  21  71
16  22  34
17  23  173
18  24  18
18  25  190
19  26  10
20  26  161
21  26  217
22  26  46
23  27  26
24  28  27
25  28  164
26  29  70
26  30  3
27  31  198
28  32  115
28  33  7
29  34  194
30  35  107
31  36  116
31  37  17
32  38  2
33  39  209
34  40  17
35  40  219
36  40  85
37  40  81
38  40  198
39  40  218
