1  2  38
1  3  75
2  4  48
2  5  219
3  8  199
3  9  207
3  6  170
3  7  97
4  10  68
4  11  211
4  12  211
5  13  209
5  14  186
6  16  110
6  15  50
7  17  133
7  18  37
8  19  99
9  20  100
10  21  205
11  22  43
12  23  90
13  24  141
14  25  58
15  26  97
16  27  194
17  28  167
18  29  214
19  30  134
20  31  85
21  32  30
22  33  83
23  33  19
24  34  47
25  35  184
26  35  175
27  36  70
28  37  130
29  37  169
30  38  191
31  39  3
32  40  163
33  40  18
34  40  123
35  40  118
36  40  87
37  40  163
38  40  13
39  40  122
