1  2  224
1  3  8
2  8  234
2  4  227
2  5  73
2  6  25
2  7  136
3  9  23
3  10  4
3  11  206
3  12  246
3  13  60
4  14  132
5  15  1
6  16  201
7  17  57
8  18  162
9  19  59
10  19  26
11  20  257
12  21  36
13  21  82
14  22  104
15  22  141
16  23  171
17  23  242
18  23  50
19  24  96
20  24  264
21  24  112
22  25  250
22  26  210
23  27  169
23  28  198
23  29  254
23  30  218
24  32  72
24  33  93
24  34  136
24  31  216
25  35  154
26  36  207
26  37  123
27  38  123
28  40  154
28  39  173
29  41  164
30  42  162
31  43  163
32  44  198
33  45  158
34  46  150
35  47  49
36  47  27
37  48  134
38  48  80
39  49  179
40  50  221
41  50  81
42  51  160
43  51  32
44  52  265
45  52  279
46  52  118
47  53  224
48  56  170
48  54  172
48  55  195
49  57  31
50  58  242
50  59  158
51  60  240
52  61  117
52  62  31
52  63  71
53  64  266
54  65  205
55  66  167
56  66  225
57  67  166
58  67  2
59  68  37
60  69  216
61  70  115
62  71  16
63  71  163
64  72  155
65  73  55
66  74  32
67  75  80
68  76  20
69  77  202
70  78  89
71  79  271
72  80  149
73  80  64
74  80  177
75  80  267
76  80  179
77  80  264
78  80  254
79  80  151
