25  18  17
11  11  8
27  19  26
17  12  16
8  15  10
12  14  6
22  25  30
11  17  32
34  35  23
5  5  4
15  11  5
10  18  12
6  7  13
15  25  20
39  17  36
12  10  14
24  14  12
5  11  7
2  4  3
20  18  34
20  12  23
8  17  14
9  18  15
8  10  16
35  33  22
3  7  5
15  15  17
7  14  8
12  19  21
17  16  18
34  27  14
2  2  2
20  15  30
8  6  8
23  11  9
5  6  8
25  29  16
25  23  15
21  19  24
27  23  21
13  16  15
2  2  1
10  11  6
1  1  2
9  8  8
20  16  14
24  24  13
30  25  33
24  17  18
32  23  27
17  7  13
15  19  13
16  36  33
35  34  25
7  13  14
22  10  11
20  13  25
9  14  12
3  6  3
5  5  9
12  13  31
2  2  1
9  8  10
12  16  12
37  34  28
19  19  28
37  33  18
29  13  25
33  15  15
9  9  13
18  15  13
36  32  31
2  2  6
15  16  27
3  5  4
17  30  28
17  11  19
9  7  6
24  29  29
4  4  4
