16  19  18
11  13  12
27  23  21
19  20  22
21  22  27
20  24  24
28  22  28
26  22  21
17  16  17
14  18  16
11  14  14
18  22  17
15  17  16
8  7  8
2  2  2
22  22  20
2  3  3
18  18  18
4  4  3
7  7  7
10  10  13
27  22  26
23  24  23
18  18  23
10  11  12
12  15  12
17  17  15
11  9  12
7  9  8
12  10  12
18  21  19
4  4  4
7  9  8
24  27  28
9  9  9
11  8  10
21  21  20
20  15  20
14  15  16
14  12  12
7  6  7
21  21  21
8  7  7
23  28  30
3  4  3
6  6  5
2  2  2
25  23  22
14  16  17
28  31  25
8  8  8
15  14  13
22  21  18
22  21  20
5  5  5
19  18  18
1  2  1
29  24  22
23  21  26
23  23  25
22  22  21
19  18  18
4  4  4
7  7  7
25  26  25
17  16  14
13  12  10
4  4  4
6  6  6
6  6  5
22  19  23
17  19  21
18  20  17
4  3  4
22  22  23
14  15  13
18  15  15
15  12  12
4  4  4
11  12  14
