11  12  12  12
14  13  14  14
11  11  11  11
24  21  21  21
3  4  4  4
21  20  19  19
14  13  13  14
15  15  15  14
5  5  6  6
23  21  21  23
19  20  20  21
22  20  23  22
22  21  20  22
20  19  21  19
20  23  22  20
6  6  6  7
8  8  8  7
22  22  23  24
13  13  14  13
16  15  15  16
3  2  2  3
20  20  19  21
3  3  2  2
4  5  4  4
19  21  19  19
21  20  21  19
17  18  18  17
24  21  21  24
11  12  12  11
7  8  8  8
24  24  21  23
5  5  5  5
20  20  19  20
21  21  19  19
19  19  19  19
3  2  2  2
2  2  2  2
14  14  14  14
21  21  22  21
7  7  7  8
23  22  22  23
5  5  4  4
1  2  1  1
7  7  8  8
8  9  8  9
8  8  7  7
3  3  3  2
10  10  10  9
11  11  10  10
7  8  8  8
3  3  4  4
4  4  5  4
19  21  19  20
3  3  4  4
12  12  13  13
15  15  15  16
23  22  21  23
16  15  15  15
24  22  21  21
1  2  2  1
10  9  10  9
21  21  22  22
20  20  21  19
24  22  22  21
8  7  7  8
3  3  4  3
4  4  4  3
1  2  1  1
3  3  3  2
18  18  19  18
3  4  3  4
13  12  13  13
19  19  19  19
4  4  5  5
5  5  5  5
1  2  2  2
3  3  3  2
14  14  14  15
6  5  6  5
12  13  12  12
