1  2  107
1  3  149
1  4  106
1  5  147
2  6  44
2  7  137
3  8  65
3  9  130
3  10  146
4  11  135
4  12  21
4  13  110
5  14  80
5  15  68
6  16  43
7  17  143
8  18  47
9  18  165
10  18  79
11  19  187
12  19  219
13  20  57
14  21  199
15  21  76
16  22  215
16  23  174
17  24  203
18  25  181
18  26  33
18  27  94
18  28  110
19  29  126
20  30  40
21  31  159
22  32  200
23  33  154
24  33  26
25  34  151
26  35  136
27  35  15
28  35  143
29  36  45
30  36  90
31  36  2
32  37  7
32  38  165
32  39  66
33  40  180
34  41  177
34  42  44
35  43  143
35  44  194
36  45  57
36  46  218
37  47  61
38  47  68
39  47  203
40  48  202
41  49  217
42  50  129
43  50  65
44  51  38
45  52  188
46  53  123
47  54  85
47  55  44
48  56  193
49  57  38
50  58  105
51  59  127
52  60  32
52  61  219
53  62  121
54  63  133
55  63  179
56  64  119
57  65  93
58  66  24
59  67  41
60  67  137
61  68  162
62  68  176
63  69  57
64  70  99
65  71  29
66  72  162
67  73  181
68  74  6
69  75  201
70  76  126
71  77  115
72  77  22
73  78  64
74  79  8
75  80  160
76  80  84
77  80  158
78  80  151
79  80  18
