12  12  12  11
10  10  10  10
1  2  2  1
9  10  10  10
16  16  17  17
9  9  8  8
21  22  22  22
9  8  9  9
13  13  12  12
2  2  2  2
6  6  5  6
1  1  1  1
10  10  10  9
15  14  15  15
3  4  3  3
2  3  2  3
13  14  14  14
11  10  11  11
16  15  16  15
13  13  14  14
21  19  21  19
8  7  8  7
8  7  8  7
16  16  16  17
10  11  10  11
9  9  9  8
6  5  5  5
11  12  11  12
5  4  5  4
8  8  8  7
15  16  15  15
21  21  20  21
2  2  2  1
4  5  5  5
3  3  3  3
20  20  20  20
14  14  15  15
24  22  23  22
15  16  15  16
3  3  4  3
2  3  3  2
13  14  14  13
4  4  4  5
21  23  22  22
18  18  17  18
4  4  4  4
17  17  17  16
19  18  19  18
1  1  2  2
15  16  16  16
10  10  9  10
5  5  5  4
17  16  16  17
12  12  12  12
17  17  16  17
6  5  5  6
15  15  15  16
23  23  21  24
16  16  16  15
21  23  23  24
23  21  22  21
4  3  4  4
1  1  1  1
10  10  10  10
6  7  6  6
9  9  9  8
2  2  3  3
8  8  7  7
6  6  5  6
10  9  9  9
10  10  9  10
8  7  8  8
11  10  11  10
7  6  6  6
23  22  20  21
6  5  5  5
12  13  12  12
15  15  15  15
2  2  3  3
22  22  23  23
