40  3  438  59  434  464  434  7.3559  7.0  7.3559  1.0092  0.944  1.0092  7  8  5  357  6.0508  1.2269  14060
40  3  408  143  409  572  390  2.8601  4.0  2.7273  0.9976  0.7133  1.0462  5  8  5  409  2.8601  0.9976  4988
40  3  365  72  265  218  278  3.6806  3.0  3.8611  1.3774  1.6743  1.3129  5  8  5  265  3.6806  1.3774  19282
40  3  495  178  610  579  609  3.427  3.0  3.4213  0.8115  0.8549  0.8128  6  7  5  472  2.6517  1.0487  10986
40  3  495  178  610  579  609  3.427  3.0  3.4213  0.8115  0.8549  0.8128  6  7  5  552  3.1011  0.8967  5100
40  3  401  72  440  425  402  6.1111  5.0  5.5833  0.9114  0.9435  0.9975  7  8  5  337  4.6806  1.1899  25892
40  3  506  99  555  614  469  5.6061  6.0  4.7374  0.9117  0.8241  1.0789  7  7  5  555  5.6061  0.9117  11323
40  3  485  85  463  400  460  5.4471  4.0  5.4118  1.0475  1.2125  1.0543  7  8  5  340  4.0  1.4265  20483
40  3  458  96  503  604  514  5.2396  6.0  5.3542  0.9105  0.7583  0.8911  6  7  5  415  4.3229  1.1036  2915
40  3  492  88  395  337  409  4.4886  3.0  4.6477  1.2456  1.4599  1.2029  6  8  5  337  3.8295  1.4599  10042
40  3  464  94  388  345  359  4.1277  3.0  3.8191  1.1959  1.3449  1.2925  6  8  5  375  3.9894  1.2373  8489
40  3  464  94  388  345  359  4.1277  3.0  3.8191  1.1959  1.3449  1.2925  6  8  5  365  3.883  1.2712  4121
40  3  467  104  357  266  315  3.4327  2.0  3.0288  1.3081  1.7556  1.4825  6  8  5  278  2.6731  1.6799  9236
40  3  571  150  600  435  559  4.0  2.0  3.7267  0.9517  1.3126  1.0215  6  8  5  478  3.1867  1.1946  25674
40  3  571  150  600  435  559  4.0  2.0  3.7267  0.9517  1.3126  1.0215  6  8  5  413  2.7533  1.3826  1611
40  3  496  88  509  480  495  5.7841  5.0  5.625  0.9745  1.0333  1.002  6  8  5  463  5.2614  1.0713  11366
40  3  412  119  434  363  475  3.6471  3.0  3.9916  0.9493  1.135  0.8674  6  8  5  484  4.0672  0.8512  4929
40  3  397  123  610  509  625  4.9593  4.0  5.0813  0.6508  0.78  0.6352  7  8  5  521  4.2358  0.762  3764
40  3  427  78  476  436  460  6.1026  5.0  5.8974  0.8971  0.9794  0.9283  6  8  5  366  4.6923  1.1667  21831
40  3  527  127  526  527  628  4.1417  4.0  4.9449  1.0019  1.0  0.8392  7  8  5  452  3.5591  1.1659  3207
40  4  502  114  575  449  338  5.0439  3.0  2.9649  0.873  1.118  1.4852  6  8  5  406  3.5614  1.2365  3719
40  4  408  127  395  388  352  3.1102  3.0  2.7717  1.0329  1.0515  1.1591  7  8  5  335  2.6378  1.2179  5625
40  4  425  25  363  332  412  14.52  13.0  16.48  1.1708  1.2801  1.0316  8  8  6  363  14.52  1.1708  3660
40  4  418  93  276  283  227  2.9677  3.0  2.4409  1.5145  1.477  1.8414  6  8  5  276  2.9677  1.5145  3974
40  4  406  64  395  407  479  6.1719  6.0  7.4844  1.0278  0.9975  0.8476  9  8  6  340  5.3125  1.1941  6582
40  4  363  43  351  385  368  8.1628  8.0  8.5581  1.0342  0.9429  0.9864  7  8  6  329  7.6512  1.1033  9117
40  4  407  132  394  552  292  2.9848  4.0  2.2121  1.033  0.7373  1.3938  6  8  6  394  2.9848  1.033  627
40  4  430  55  367  365  326  6.6727  6.0  5.9273  1.1717  1.1781  1.319  6  8  5  379  6.8909  1.1346  3388
40  4  390  128  282  243  319  2.2031  1.0  2.4922  1.383  1.6049  1.2226  6  8  5  230  1.7969  1.6957  3410
40  4  403  117  312  326  297  2.6667  2.0  2.5385  1.2917  1.2362  1.3569  6  8  5  244  2.0855  1.6516  16410
40  4  432  121  475  475  476  3.9256  3.0  3.9339  0.9095  0.9095  0.9076  7  8  5  339  2.8017  1.2743  18318
40  4  441  106  482  459  505  4.5472  4.0  4.7642  0.9149  0.9608  0.8733  7  8  5  482  4.5472  0.9149  1898
40  4  389  76  438  353  367  5.7632  4.0  4.8289  0.8881  1.102  1.0599  6  8  5  421  5.5395  0.924  8386
40  4  389  76  438  353  367  5.7632  4.0  4.8289  0.8881  1.102  1.0599  6  8  5  438  5.7632  0.8881  3018
40  5  311  54  346  328  294  6.4074  6.0  5.4444  0.8988  0.9482  1.0578  7  8  6  247  4.5741  1.2591  2793
40  5  295  77  346  430  344  4.4935  5.0  4.4675  0.8526  0.686  0.8576  8  8  6  301  3.9091  0.9801  2389
40  5  295  77  346  430  344  4.4935  5.0  4.4675  0.8526  0.686  0.8576  7  8  6  301  3.9091  0.9801  1042
40  5  317  100  348  507  322  3.48  5.0  3.22  0.9109  0.6252  0.9845  7  8  6  309  3.09  1.0259  7907
40  5  375  110  339  286  268  3.0818  2.0  2.4364  1.1062  1.3112  1.3993  7  8  6  295  2.6818  1.2712  20047
40  5  317  100  348  507  322  3.48  5.0  3.22  0.9109  0.6252  0.9845  7  8  6  309  3.09  1.0259  14368
40  5  375  110  339  286  268  3.0818  2.0  2.4364  1.1062  1.3112  1.3993  7  8  6  285  2.5909  1.3158  35214
40  5  334  89  324  357  300  3.6404  4.0  3.3708  1.0309  0.9356  1.1133  7  8  6  308  3.4607  1.0844  5330
40  5  334  89  324  357  300  3.6404  4.0  3.3708  1.0309  0.9356  1.1133  7  8  6  308  3.4607  1.0844  11294
40  5  355  115  421  346  392  3.6609  3.0  3.4087  0.8432  1.026  0.9056  7  8  6  382  3.3217  0.9293  13643
40  5  343  44  385  362  403  8.75  8.0  9.1591  0.8909  0.9475  0.8511  9  9  6  334  7.5909  1.0269  3383
40  5  381  87  338  321  332  3.8851  3.0  3.8161  1.1272  1.1869  1.1476  7  8  6  318  3.6552  1.1981  6067
40  5  318  53  283  261  260  5.3396  4.0  4.9057  1.1237  1.2184  1.2231  9  9  6  246  4.6415  1.2927  14463
40  5  323  69  282  352  293  4.087  5.0  4.2464  1.1454  0.9176  1.1024  8  8  6  282  4.087  1.1454  739
40  5  328  54  312  287  254  5.7778  5.0  4.7037  1.0513  1.1429  1.2913  7  8  6  252  4.6667  1.3016  7367
40  5  395  67  415  405  378  6.194  6.0  5.6418  0.9518  0.9753  1.045  9  9  6  378  5.6418  1.045  20074
40  5  377  59  242  222  230  4.1017  3.0  3.8983  1.5579  1.6982  1.6391  8  8  6  203  3.4407  1.8571  16813
40  5  334  65  361  248  362  5.5538  3.0  5.5692  0.9252  1.3468  0.9227  7  8  6  361  5.5538  0.9252  5486
40  6  399  87  465  452  455  5.3448  5.0  5.2299  0.8581  0.8827  0.8769  8  8  7  465  5.3448  0.8581  5161
40  6  436  135  384  358  307  2.8444  2.0  2.2741  1.1354  1.2179  1.4202  7  9  7  320  2.3704  1.3625  3218
40  6  431  121  459  308  433  3.7934  2.0  3.5785  0.939  1.3994  0.9954  7  8  7  320  2.6446  1.3469  18453
40  6  456  136  528  550  541  3.8824  4.0  3.9779  0.8636  0.8291  0.8429  7  8  6  487  3.5809  0.9363  2680
40  6  418  76  493  410  503  6.4868  5.0  6.6184  0.8479  1.0195  0.831  8  9  7  414  5.4474  1.0097  2928
40  6  454  131  654  394  534  4.9924  3.0  4.0763  0.6942  1.1523  0.8502  8  8  7  378  2.8855  1.2011  8891
40  6  452  131  357  346  448  2.7252  2.0  3.4198  1.2661  1.3064  1.0089  6  8  6  356  2.7176  1.2697  11463
40  6  497  134  549  568  468  4.097  4.0  3.4925  0.9053  0.875  1.062  7  8  6  549  4.097  0.9053  10335
40  6  533  65  460  431  411  7.0769  6.0  6.3231  1.1587  1.2367  1.2968  9  9  7  390  6.0  1.3667  2754
40  6  439  130  477  514  411  3.6692  3.0  3.1615  0.9203  0.8541  1.0681  6  8  6  302  2.3231  1.4536  9777
40  6  386  27  389  427  430  14.4074  15.0  15.9259  0.9923  0.904  0.8977  9  9  7  315  11.6667  1.2254  11046
40  6  452  89  519  506  504  5.8315  5.0  5.6629  0.8709  0.8933  0.8968  8  8  7  464  5.2135  0.9741  6282
40  6  426  76  294  252  247  3.8684  3.0  3.25  1.449  1.6905  1.7247  7  8  6  212  2.7895  2.0094  16409
40  6  477  74  520  424  370  7.027  5.0  5.0  0.9173  1.125  1.2892  9  9  7  366  4.9459  1.3033  24767
40  6  472  79  330  309  332  4.1772  3.0  4.2025  1.4303  1.5275  1.4217  10  9  7  285  3.6076  1.6561  19346
40  7  499  72  500  624  526  6.9444  8.0  7.3056  0.998  0.7997  0.9487  9  9  8  500  6.9444  0.998  1108
40  7  591  78  574  559  550  7.359  7.0  7.0513  1.0296  1.0572  1.0745  9  9  7  431  5.5256  1.3712  3694
40  7  637  92  625  477  617  6.7935  5.0  6.7065  1.0192  1.3354  1.0324  10  9  8  486  5.2826  1.3107  26485
40  7  555  108  536  373  568  4.963  3.0  5.2593  1.0354  1.4879  0.9771  9  9  7  375  3.4722  1.48  1487
40  7  555  108  536  373  568  4.963  3.0  5.2593  1.0354  1.4879  0.9771  8  9  7  459  4.25  1.2092  23188
40  7  431  83  479  313  306  5.7711  3.0  3.6867  0.8998  1.377  1.4085  7  8  7  307  3.6988  1.4039  940
40  7  592  122  683  558  640  5.5984  4.0  5.2459  0.8668  1.0609  0.925  8  9  8  485  3.9754  1.2206  14979
40  7  515  91  494  535  512  5.4286  5.0  5.6264  1.0425  0.9626  1.0059  9  9  7  331  3.6374  1.5559  4090
40  7  527  149  659  559  679  4.4228  3.0  4.557  0.7997  0.9428  0.7761  9  9  8  443  2.9732  1.1896  12258
40  7  558  102  487  430  479  4.7745  4.0  4.6961  1.1458  1.2977  1.1649  9  9  7  372  3.6471  1.5  13582
40  7  519  95  538  535  642  5.6632  5.0  6.7579  0.9647  0.9701  0.8084  10  9  8  475  5.0  1.0926  5342
40  7  504  79  488  496  564  6.1772  6.0  7.1392  1.0328  1.0161  0.8936  10  9  8  401  5.0759  1.2569  8450
40  7  487  153  633  721  640  4.1373  4.0  4.183  0.7694  0.6755  0.7609  9  8  8  615  4.0196  0.7919  32334
40  7  513  83  573  505  501  6.9036  6.0  6.0361  0.8953  1.0158  1.024  9  9  8  479  5.7711  1.071  8387
40  7  563  99  494  490  499  4.9899  4.0  5.0404  1.1397  1.149  1.1283  8  9  7  465  4.697  1.2108  33818
40  7  563  99  494  490  499  4.9899  4.0  5.0404  1.1397  1.149  1.1283  8  9  8  451  4.5556  1.2483  25781
40  7  501  115  578  568  548  5.0261  4.0  4.7652  0.8668  0.882  0.9142  9  10  8  578  5.0261  0.8668  4419
