34  34  34  43  39  29  30
8  9  10  10  7  6  7
15  14  13  15  17  11  15
2  2  2  1  2  2  1
17  15  18  11  17  18  13
21  19  22  17  16  14  17
12  17  14  12  18  19  12
43  40  38  27  28  27  28
25  32  28  33  23  37  29
14  11  13  17  14  13  17
6  6  8  7  5  8  7
5  4  3  3  4  5  4
15  22  24  23  18  17  23
9  6  6  6  7  8  6
3  3  2  3  3  2  2
35  38  26  24  26  33  36
12  18  16  17  12  16  12
24  30  25  28  23  32  29
29  19  21  20  18  23  18
7  6  8  7  6  6  7
4  5  4  3  4  3  5
25  31  31  33  30  28  27
35  33  27  30  33  22  37
9  6  9  8  9  8  6
33  29  29  34  24  32  28
29  33  29  25  23  34  30
7  9  10  6  6  9  7
7  11  11  10  10  10  10
37  23  28  31  27  38  26
23  28  22  24  32  28  24
2  1  2  2  2  2  1
6  8  7  8  6  8  6
21  24  21  22  31  28  30
10  13  12  8  8  13  12
4  4  4  4  3  4  4
21  18  16  20  13  13  20
25  27  33  32  31  22  27
26  42  35  35  42  31  40
32  33  34  27  33  31  42
4  4  7  4  5  4  5
12  11  12  13  9  13  13
11  11  8  10  12  8  12
29  22  24  20  19  22  18
29  32  25  25  32  22  21
14  17  18  15  22  13  18
20  19  19  19  13  20  20
22  18  20  24  18  25  17
5  4  3  4  3  5  4
18  18  22  23  21  21  18
22  15  22  16  24  24  23
2  2  2  3  3  3  3
30  30  30  33  28  32  23
9  9  11  9  12  9  9
24  26  35  30  25  28  36
9  8  8  8  9  7  6
1  2  2  2  1  1  2
13  9  8  9  12  10  9
5  6  6  7  6  5  8
5  7  5  6  7  7  7
19  26  18  19  22  25  17
10  10  14  13  12  14  17
31  31  28  31  26  38  29
31  45  44  39  45  30  29
14  19  16  15  19  15  14
22  17  21  18  20  23  24
22  22  17  23  19  22  14
19  25  18  21  20  18  19
19  18  19  13  17  16  15
12  18  13  17  16  14  18
26  17  17  26  26  24  25
21  32  32  25  27  25  21
27  21  21  21  30  28  29
29  29  21  25  26  28  25
1  2  2  1  1  1  1
32  38  37  37  36  36  33
19  15  20  15  17  18  17
33  25  28  33  35  30  36
29  26  25  25  28  24  24
21  19  23  21  23  21  24
40  38  33  29  31  37  40
24  38  30  36  32  37  30
2  2  2  2  2  2  2
26  21  24  22  21  17  20
15  12  11  13  12  15  9
12  16  12  16  17  12  16
36  37  30  42  27  38  38
28  23  27  32  28  21  27
3  5  3  4  3  4  3
28  26  35  31  24  25  27
15  19  16  19  22  20  19
27  32  38  31  36  25  30
5  4  6  6  4  7  6
7  7  7  4  4  5  7
32  35  37  39  38  43  35
33  32  34  24  32  33  35
31  32  34  24  28  23  34
5  4  3  4  4  4  5
16  11  17  13  12  15  10
26  27  27  20  23  24  23
31  31  33  22  31  33  27
