28  25  28  26  26  25  27
28  28  26  26  25  26  27
23  24  21  23  22  22  23
19  20  20  19  20  19  20
7  7  7  7  6  7  7
6  6  5  5  5  5  5
23  20  21  21  23  21  21
12  12  13  13  12  12  12
15  15  15  14  14  15  15
12  12  12  12  12  11  11
3  4  4  4  4  4  4
24  21  24  22  21  22  24
17  17  16  17  17  16  16
26  27  26  26  28  27  27
18  17  17  18  18  18  18
24  22  23  24  23  24  24
14  13  13  13  14  14  13
15  14  14  14  14  14  15
19  20  19  19  20  19  20
9  9  9  9  8  8  9
