5  7  7  8  7  5  5
12  13  14  16  12  12  12
14  13  10  14  11  12  11
22  22  28  30  28  24  26
26  26  32  30  27  23  26
21  20  26  19  23  20  28
12  13  19  19  15  13  18
24  29  29  22  23  35  23
18  12  17  13  14  18  14
23  18  17  24  23  26  26
32  25  21  33  21  32  23
34  26  34  25  30  29  25
18  17  16  13  20  22  19
28  38  36  36  31  23  23
25  27  30  23  27  25  30
27  28  29  18  25  21  22
13  9  9  13  10  14  13
7  9  6  9  9  8  7
5  6  7  8  7  5  8
34  30  32  36  38  35  30
