28  29  21  21  32  33  23
7  5  6  5  7  6  4
12  13  13  12  13  11  9
19  19  15  13  18  19  21
16  11  13  11  13  18  13
22  24  24  27  22  26  22
12  12  10  17  12  10  17
18  18  18  17  14  14  13
22  23  22  15  18  21  20
22  30  28  22  29  30  25
13  11  9  9  11  10  10
24  23  17  19  19  24  20
33  24  22  24  24  30  28
4  5  5  4  5  5  5
15  19  19  22  17  15  15
29  37  23  36  35  30  25
11  10  11  14  13  10  17
17  11  13  12  14  12  18
3  4  5  3  5  4  4
26  26  25  22  22  29  22
