16  19  19  17  17  11  11
25  23  28  22  39  40  28
22  28  20  33  22  22  21
2  3  2  2  3  2  2
17  25  16  29  32  29  19
15  14  11  23  23  20  11
9  14  15  12  15  9  12
8  7  4  8  9  9  5
19  27  28  25  29  33  32
11  8  14  10  14  10  8
16  25  26  29  31  14  17
4  9  9  4  4  9  6
10  8  8  7  10  7  8
17  25  22  16  22  19  23
34  28  30  25  35  27  30
26  27  29  20  20  20  19
13  27  21  14  23  20  25
28  26  24  18  18  16  24
4  4  3  4  6  5  3
29  17  25  23  30  29  17
