28  27  28  26  26  27  27
19  18  18  18  19  19  18
16  16  16  16  16  15  16
24  26  25  25  24  24  27
27  26  27  29  29  29  28
23  22  21  20  20  21  20
9  8  9  9  9  8  9
9  8  8  9  9  8  8
30  28  27  30  28  30  30
19  19  20  20  20  20  20
11  11  10  10  10  10  11
26  27  29  26  28  29  27
19  19  19  19  18  18  18
10  10  10  10  10  10  10
10  10  10  10  9  9  10
27  26  26  29  26  29  29
21  21  20  21  21  21  20
11  11  11  11  12  11  11
22  21  21  23  20  20  20
3  2  2  3  3  2  3
