29  21  31  32  18  34  26
11  10  5  8  7  8  6
3  3  4  2  3  2  2
23  25  16  22  33  16  22
27  28  22  27  26  22  18
37  31  20  21  34  37  35
16  23  19  13  17  19  14
3  2  3  2  3  3  3
29  27  27  28  36  17  32
8  10  8  8  7  9  10
22  26  12  16  13  27  22
18  10  11  14  16  20  16
17  27  27  28  30  23  26
33  20  24  25  34  32  33
21  18  27  18  21  24  23
4  4  6  4  6  6  5
21  25  27  21  24  19  32
23  15  24  19  17  17  19
5  4  6  4  5  6  7
16  30  33  22  22  26  25
