20  3  158  40  177  197  232  4.425  4.0  5.8  0.0  0.802  0.681  4  3  3  136  3.4  1.1618  995
20  3  145  30  223  120  194  7.4333  4.0  6.4667  0.0  1.2083  0.7474  2  2  2  184  6.1333  0.788  881
20  3  130  55  188  189  183  3.4182  3.0  3.3273  0.0  0.6878  0.7104  2  2  2  159  2.8909  0.8176  303
20  3  128  20  172  187  166  8.6  9.0  8.3  0.0  0.6845  0.7711  3  2  2  152  7.6  0.8421  430
20  3  151  36  189  193  238  5.25  5.0  6.6111  0.0  0.7824  0.6345  2  2  2  189  5.25  0.7989  2132
20  3  144  28  97  100  92  3.4643  3.0  3.2857  1.0  1.44  1.5652  2  2  2  97  3.4643  1.4845  2272
20  3  130  39  133  108  126  3.4103  2.0  3.2308  0.0  1.2037  1.0317  2  2  2  126  3.2308  1.0317  1121
20  3  130  39  133  108  126  3.4103  2.0  3.2308  0.0  1.2037  1.0317  2  2  2  119  3.0513  1.0924  520
20  3  138  61  222  136  206  3.6393  2.0  3.377  0.0  1.0147  0.6699  2  2  2  203  3.3279  0.6798  1375
20  3  138  61  222  136  206  3.6393  2.0  3.377  0.0  1.0147  0.6699  2  2  2  222  3.6393  0.6216  1473
20  3  138  24  170  160  198  7.0833  6.0  8.25  0.0  0.8625  0.697  2  3  2  118  4.9167  1.1695  351
20  3  152  37  71  76  68  1.9189  2.0  1.8378  2.0  2.0  2.2353  2  2  2  66  1.7838  2.303  288
20  3  153  39  232  321  275  5.9487  8.0  7.0513  0.0  0.4766  0.5564  2  2  2  188  4.8205  0.8138  329
20  3  140  62  190  140  185  3.0645  2.0  2.9839  0.0  1.0  0.7568  2  2  2  140  2.2581  1.0  235
20  3  154  46  189  186  180  4.1087  4.0  3.913  0.0  0.828  0.8556  2  2  2  174  3.7826  0.8851  549
20  3  144  37  160  160  189  4.3243  4.0  5.1081  0.0  0.9  0.7619  2  2  2  160  4.3243  0.9  157
20  3  143  54  171  155  155  3.1667  2.0  2.8704  0.0  0.9226  0.9226  2  2  2  145  2.6852  0.9862  905
20  3  152  63  237  241  203  3.7619  3.0  3.2222  0.0  0.6307  0.7488  2  2  2  154  2.4444  0.987  199
20  3  146  60  162  122  149  2.7  2.0  2.4833  0.0  1.1967  0.9799  2  2  2  140  2.3333  1.0429  553
20  3  150  59  140  189  142  2.3729  3.0  2.4068  1.0  0.7937  1.0563  2  2  2  119  2.0169  1.2605  1525
20  3  120  57  138  167  120  2.4211  2.0  2.1053  0.0  0.7186  1.0  2  2  2  136  2.386  0.8824  4667
20  3  153  31  195  187  184  6.2903  6.0  5.9355  0.0  0.8182  0.8315  2  2  2  195  6.2903  0.7846  1060
20  3  144  38  183  212  201  4.8158  5.0  5.2895  0.0  0.6792  0.7164  3  2  2  135  3.5526  1.0667  782
20  3  187  37  235  242  241  6.3514  6.0  6.5135  0.0  0.7727  0.7759  2  2  2  216  5.8378  0.8657  546
20  3  178  61  154  153  134  2.5246  2.0  2.1967  1.0  1.1634  1.3284  2  2  2  126  2.0656  1.4127  827
20  3  164  35  177  177  206  5.0571  5.0  5.8857  0.0  0.9266  0.7961  2  2  2  177  5.0571  0.9266  243
20  3  153  69  96  100  93  1.3913  1.0  1.3478  1.0  1.53  1.6452  2  2  2  88  1.2754  1.7386  698
20  3  142  52  160  128  120  3.0769  2.0  2.3077  0.0  1.1094  1.1833  2  2  2  114  2.1923  1.2456  832
20  3  189  78  242  364  261  3.1026  4.0  3.3462  0.0  0.5192  0.7241  2  2  2  189  2.4231  1.0  500
20  3  158  59  175  155  185  2.9661  2.0  3.1356  0.0  1.0194  0.8541  2  2  2  175  2.9661  0.9029  1336
20  3  193  63  195  171  179  3.0952  2.0  2.8413  0.0  1.1287  1.0782  2  2  2  167  2.6508  1.1557  2243
20  3  150  70  197  150  185  2.8143  2.0  2.6429  0.0  1.0  0.8108  2  2  2  155  2.2143  0.9677  1829
20  3  164  21  166  182  202  7.9048  8.0  9.619  0.0  0.9011  0.8119  3  2  2  161  7.6667  1.0186  482
20  3  136  36  170  198  188  4.7222  5.0  5.2222  0.0  0.6869  0.7234  3  2  2  170  4.7222  0.8  135
20  3  171  48  182  165  201  3.7917  3.0  4.1875  0.0  1.0364  0.8507  2  2  2  129  2.6875  1.3256  1789
20  3  172  43  169  202  198  3.9302  4.0  4.6047  1.0  0.8515  0.8687  2  2  2  156  3.6279  1.1026  448
20  4  149  29  160  213  218  5.5172  7.0  7.5172  0.0  0.6995  0.6835  4  3  2  160  5.5172  0.9313  220
20  4  149  29  160  213  218  5.5172  7.0  7.5172  0.0  0.6995  0.6835  3  3  2  160  5.5172  0.9313  283
20  4  197  83  201  284  198  2.4217  3.0  2.3855  0.0  0.6937  0.9949  2  2  2  201  2.4217  0.9801  113
20  4  202  64  197  168  171  3.0781  2.0  2.6719  1.0  1.2024  1.1813  3  2  2  169  2.6406  1.1953  682
20  4  202  64  197  168  171  3.0781  2.0  2.6719  1.0  1.2024  1.1813  3  3  2  169  2.6406  1.1953  460
20  4  124  29  183  219  187  6.3103  7.0  6.4483  0.0  0.5662  0.6631  3  3  2  119  4.1034  1.042  2908
20  4  214  54  226  190  201  4.1852  3.0  3.7222  0.0  1.1263  1.0647  2  2  2  226  4.1852  0.9469  1187
20  4  174  60  185  293  276  3.0833  4.0  4.6  0.0  0.5939  0.6304  2  2  2  182  3.0333  0.956  821
20  4  174  38  169  166  170  4.4474  4.0  4.4737  1.0  1.0482  1.0235  3  2  2  137  3.6053  1.2701  1682
20  4  173  42  188  265  209  4.4762  6.0  4.9762  0.0  0.6528  0.8278  2  3  2  188  4.4762  0.9202  269
20  4  164  34  165  144  168  4.8529  4.0  4.9412  0.0  1.1389  0.9762  3  2  2  134  3.9412  1.2239  2473
20  4  181  32  220  180  220  6.875  5.0  6.875  0.0  1.0056  0.8227  3  2  2  159  4.9688  1.1384  351
20  4  179  50  220  228  162  4.4  4.0  3.24  0.0  0.7851  1.1049  3  3  2  209  4.18  0.8565  181
20  4  179  50  220  228  162  4.4  4.0  3.24  0.0  0.7851  1.1049  2  2  2  207  4.14  0.8647  1477
20  4  152  31  142  160  159  4.5806  5.0  5.129  1.0  0.95  0.956  3  3  2  142  4.5806  1.0704  236
20  4  153  41  127  108  125  3.0976  2.0  3.0488  1.0  1.4167  1.224  3  2  2  127  3.0976  1.2047  177
20  4  161  45  166  259  160  3.6889  5.0  3.5556  0.0  0.6216  1.0063  3  2  2  166  3.6889  0.9699  401
20  4  163  41  189  182  190  4.6098  4.0  4.6341  0.0  0.8956  0.8579  2  2  2  189  4.6098  0.8624  1049
20  4  149  57  140  138  126  2.4561  2.0  2.2105  1.0  1.0797  1.1825  2  2  2  131  2.2982  1.1374  869
20  4  142  30  176  161  159  5.8667  5.0  5.3  0.0  0.882  0.8931  2  2  2  170  5.6667  0.8353  546
20  4  159  44  273  221  232  6.2045  5.0  5.2727  0.0  0.7195  0.6853  3  3  2  161  3.6591  0.9876  2624
20  4  179  111  205  197  236  1.8468  1.0  2.1261  0.0  0.9086  0.7585  2  2  2  179  1.6126  1.0  361
20  4  193  38  210  214  216  5.5263  5.0  5.6842  0.0  0.9019  0.8935  3  2  2  162  4.2632  1.1914  681
20  4  153  37  207  209  242  5.5946  5.0  6.5405  0.0  0.7321  0.6322  3  2  2  152  4.1081  1.0066  822
20  4  145  57  154  229  142  2.7018  4.0  2.4912  0.0  0.6332  1.0211  2  2  2  154  2.7018  0.9416  151
20  4  195  77  319  309  148  4.1429  4.0  1.9221  0.0  0.6311  1.3176  2  2  2  192  2.4935  1.0156  2103
20  4  142  31  161  239  136  5.1935  7.0  4.3871  0.0  0.5941  1.0441  3  3  2  143  4.6129  0.993  456
20  4  178  62  171  171  185  2.7581  2.0  2.9839  1.0  1.0409  0.9622  2  2  2  171  2.7581  1.0409  148
20  4  197  45  142  173  150  3.1556  3.0  3.3333  1.0  1.1387  1.3133  3  3  2  136  3.0222  1.4485  1683
20  4  146  68  160  182  170  2.3529  2.0  2.5  0.0  0.8022  0.8588  2  2  2  130  1.9118  1.1231  1307
20  4  178  49  230  257  247  4.6939  5.0  5.0408  0.0  0.6926  0.7206  2  2  2  156  3.1837  1.141  428
20  4  183  41  269  180  276  6.561  4.0  6.7317  0.0  1.0167  0.663  3  2  2  182  4.439  1.0055  239
20  4  202  79  244  208  210  3.0886  2.0  2.6582  0.0  0.9712  0.9619  2  2  2  181  2.2911  1.116  707
20  4  201  86  211  192  201  2.4535  2.0  2.3372  0.0  1.0469  1.0  2  2  2  145  1.686  1.3862  366
20  4  156  37  198  250  240  5.3514  6.0  6.4865  0.0  0.624  0.65  3  3  2  150  4.0541  1.04  1478
20  4  197  63  224  294  298  3.5556  4.0  4.7302  0.0  0.6701  0.6611  2  2  2  224  3.5556  0.8795  107
20  4  192  42  186  231  253  4.4286  5.0  6.0238  1.0  0.8312  0.7589  3  2  2  147  3.5  1.3061  187
20  4  162  62  253  199  183  4.0806  3.0  2.9516  0.0  0.8141  0.8852  2  2  2  159  2.5645  1.0189  768
20  4  160  45  242  239  191  5.3778  5.0  4.2444  0.0  0.6695  0.8377  3  2  2  200  4.4444  0.8  361
20  4  163  46  187  180  163  4.0652  3.0  3.5435  0.0  0.9056  1.0  2  2  2  146  3.1739  1.1164  1200
20  5  159  38  264  283  258  6.9474  7.0  6.7895  0.0  0.5618  0.6163  3  3  2  232  6.1053  0.6853  325
20  5  195  61  224  182  185  3.6721  2.0  3.0328  0.0  1.0714  1.0541  2  2  2  155  2.541  1.2581  307
20  5  220  40  298  291  346  7.45  7.0  8.65  0.0  0.756  0.6358  3  3  2  251  6.275  0.8765  479
20  5  208  70  243  237  212  3.4714  3.0  3.0286  0.0  0.8776  0.9811  2  3  2  243  3.4714  0.856  331
20  5  180  49  201  317  223  4.102  6.0  4.551  0.0  0.5678  0.8072  3  3  2  201  4.102  0.8955  3079
20  5  216  39  316  327  237  8.1026  8.0  6.0769  0.0  0.6606  0.9114  3  3  2  227  5.8205  0.9515  1301
20  5  218  69  211  266  250  3.058  3.0  3.6232  1.0  0.8195  0.872  3  3  2  148  2.1449  1.473  1737
20  5  226  46  436  258  295  9.4783  5.0  6.413  0.0  0.876  0.7661  3  3  2  267  5.8043  0.8464  2683
20  5  267  50  300  304  316  6.0  6.0  6.32  0.0  0.8783  0.8449  3  3  2  300  6.0  0.89  1059
20  5  222  43  194  193  221  4.5116  4.0  5.1395  1.0  1.1503  1.0045  3  3  2  194  4.5116  1.1443  204
20  5  277  58  238  224  315  4.1034  3.0  5.431  1.0  1.2366  0.8794  3  3  2  238  4.1034  1.1639  1591
20  5  218  40  163  177  172  4.075  4.0  4.3  1.0  1.2316  1.2674  3  3  2  154  3.85  1.4156  1106
20  5  290  138  294  290  319  2.1304  2.0  2.3116  0.0  1.0  0.9091  2  2  2  269  1.9493  1.0781  1603
20  5  227  109  237  219  224  2.1743  2.0  2.055  0.0  1.0365  1.0134  2  2  2  237  2.1743  0.9578  116
20  5  221  77  241  245  289  3.1299  3.0  3.7532  0.0  0.902  0.7647  3  3  2  241  3.1299  0.917  202
20  5  207  90  240  207  167  2.6667  2.0  1.8556  0.0  1.0  1.2395  2  2  2  171  1.9  1.2105  1746
20  5  245  97  348  268  331  3.5876  2.0  3.4124  0.0  0.9142  0.7402  2  2  2  246  2.5361  0.9959  758
20  5  255  63  284  237  283  4.5079  3.0  4.4921  0.0  1.0759  0.9011  2  2  2  255  4.0476  1.0  752
20  5  253  47  228  235  203  4.8511  5.0  4.3191  1.0  1.0766  1.2463  3  3  2  192  4.0851  1.3177  190
20  5  260  113  268  332  263  2.3717  2.0  2.3274  0.0  0.7831  0.9886  2  2  2  248  2.1947  1.0484  1811
20  5  193  83  272  251  252  3.2771  3.0  3.0361  0.0  0.7689  0.7659  3  3  2  238  2.8675  0.8109  1356
20  5  235  57  237  298  311  4.1579  5.0  5.4561  0.0  0.7886  0.7556  3  3  2  237  4.1579  0.9916  152
20  5  259  75  283  282  287  3.7733  3.0  3.8267  0.0  0.9184  0.9024  3  3  2  283  3.7733  0.9152  787
20  5  195  37  220  236  233  5.9459  6.0  6.2973  0.0  0.8263  0.8369  3  3  2  202  5.4595  0.9653  607
20  5  226  130  205  296  170  1.5769  2.0  1.3077  1.0  0.7635  1.3294  2  2  2  172  1.3231  1.314  420
20  5  203  89  233  182  224  2.618  2.0  2.5169  0.0  1.1154  0.9063  2  2  2  221  2.4831  0.9186  613
20  5  225  39  218  215  218  5.5897  5.0  5.5897  1.0  1.0465  1.0321  3  3  2  202  5.1795  1.1139  1490
20  5  201  78  250  230  195  3.2051  2.0  2.5  0.0  0.8739  1.0308  3  3  2  177  2.2692  1.1356  1387
20  5  207  41  268  218  256  6.5366  5.0  6.2439  0.0  0.9495  0.8086  3  3  2  268  6.5366  0.7724  147
20  5  240  55  295  261  389  5.3636  4.0  7.0727  0.0  0.9195  0.617  3  3  2  295  5.3636  0.8136  222
20  5  215  46  276  477  358  6.0  10.0  7.7826  0.0  0.4507  0.6006  2  2  2  265  5.7609  0.8113  700
20  5  257  84  301  316  343  3.5833  3.0  4.0833  0.0  0.8133  0.7493  3  3  2  299  3.5595  0.8595  301
20  5  165  87  292  370  189  3.3563  4.0  2.1724  0.0  0.4459  0.873  2  2  2  165  1.8966  1.0  572
20  5  227  97  231  250  209  2.3814  2.0  2.1546  0.0  0.908  1.0861  2  3  2  200  2.0619  1.135  174
20  5  199  89  261  211  199  2.9326  2.0  2.236  0.0  0.9431  1.0  2  2  2  241  2.7079  0.8257  948
20  6  332  59  470  513  480  7.9661  8.0  8.1356  0.0  0.6472  0.6917  3  3  2  470  7.9661  0.7064  659
20  6  305  96  474  398  439  4.9375  4.0  4.5729  0.0  0.7663  0.6948  3  3  2  361  3.7604  0.8449  265
20  6  316  80  319  334  257  3.9875  4.0  3.2125  0.0  0.9461  1.2296  2  2  2  287  3.5875  1.101  168
20  6  274  55  319  371  380  5.8  6.0  6.9091  0.0  0.7385  0.7211  3  3  3  319  5.8  0.8589  164
20  6  335  104  391  254  381  3.7596  2.0  3.6635  0.0  1.3189  0.8793  3  3  2  288  2.7692  1.1632  1999
20  6  285  83  303  404  341  3.6506  4.0  4.1084  0.0  0.7054  0.8358  3  3  2  303  3.6506  0.9406  141
20  6  282  150  252  311  212  1.68  2.0  1.4133  1.0  0.9068  1.3302  2  3  2  234  1.56  1.2051  1629
20  6  261  53  322  320  375  6.0755  6.0  7.0755  0.0  0.8156  0.696  3  3  2  322  6.0755  0.8106  1484
20  6  303  150  417  366  286  2.78  2.0  1.9067  0.0  0.8279  1.0594  2  3  2  340  2.2667  0.8912  1741
20  6  292  64  512  451  520  8.0  7.0  8.125  0.0  0.6475  0.5615  3  3  2  343  5.3594  0.8513  1162
20  6  276  66  225  218  213  3.4091  3.0  3.2273  1.0  1.2661  1.2958  3  3  3  202  3.0606  1.3663  909
20  6  315  87  386  420  403  4.4368  4.0  4.6322  0.0  0.75  0.7816  3  3  2  386  4.4368  0.8161  523
20  6  259  103  291  222  233  2.8252  2.0  2.2621  0.0  1.1667  1.1116  2  2  2  288  2.7961  0.8993  2278
20  6  194  46  200  189  226  4.3478  4.0  4.913  0.0  1.0265  0.8584  3  3  3  187  4.0652  1.0374  410
20  6  264  74  260  208  163  3.5135  2.0  2.2027  1.0  1.2692  1.6196  3  3  2  191  2.5811  1.3822  2519
20  6  329  152  299  354  294  1.9671  2.0  1.9342  1.0  0.9294  1.119  3  3  2  260  1.7105  1.2654  304
20  6  293  93  419  332  444  4.5054  3.0  4.7742  0.0  0.8825  0.6599  3  3  3  419  4.5054  0.6993  686
20  6  250  30  412  302  452  13.7333  10.0  15.0667  0.0  0.8278  0.5531  3  3  3  370  12.3333  0.6757  1037
20  6  270  49  301  324  297  6.1429  6.0  6.0612  0.0  0.8333  0.9091  3  3  3  294  6.0  0.9184  1178
20  6  288  85  494  635  452  5.8118  7.0  5.3176  0.0  0.4535  0.6372  3  3  2  308  3.6235  0.9351  2781
20  6  252  124  336  287  264  2.7097  2.0  2.129  0.0  0.878  0.9545  3  2  2  240  1.9355  1.05  1730
20  6  264  54  357  317  270  6.6111  5.0  5.0  0.0  0.8328  0.9778  3  3  2  357  6.6111  0.7395  131
20  6  330  119  396  463  314  3.3277  3.0  2.6387  0.0  0.7127  1.051  3  3  2  320  2.6891  1.0313  178
20  6  292  76  448  330  409  5.8947  4.0  5.3816  0.0  0.8848  0.7139  3  3  2  407  5.3553  0.7174  257
20  6  362  107  395  424  392  3.6916  3.0  3.6636  0.0  0.8538  0.9235  3  3  2  395  3.6916  0.9165  625
20  6  323  84  391  333  418  4.6548  3.0  4.9762  0.0  0.97  0.7727  4  3  2  330  3.9286  0.9788  469
20  6  224  64  236  423  237  3.6875  6.0  3.7031  0.0  0.5296  0.9451  3  3  2  236  3.6875  0.9492  133
20  6  299  98  313  332  438  3.1939  3.0  4.4694  0.0  0.9006  0.6826  3  3  2  313  3.1939  0.9553  688
20  6  304  36  333  357  368  9.25  9.0  10.2222  0.0  0.8515  0.8261  3  3  2  333  9.25  0.9129  194
20  6  267  52  334  343  309  6.4231  6.0  5.9423  0.0  0.7784  0.8641  3  3  2  293  5.6346  0.9113  367
20  6  218  52  407  423  410  7.8269  8.0  7.8846  0.0  0.5154  0.5317  3  3  2  224  4.3077  0.9732  656
20  6  262  66  328  403  277  4.9697  6.0  4.197  0.0  0.6501  0.9458  3  3  2  252  3.8182  1.0397  321
20  6  320  123  488  325  358  3.9675  2.0  2.9106  0.0  0.9846  0.8939  2  3  2  288  2.3415  1.1111  728
20  6  276  89  309  340  232  3.4719  3.0  2.6067  0.0  0.8118  1.1897  2  3  2  309  3.4719  0.8932  396
20  6  289  92  266  266  289  2.8913  2.0  3.1413  1.0  1.0865  1.0  2  2  2  266  2.8913  1.0865  122
20  6  286  162  392  274  286  2.4198  1.0  1.7654  0.0  1.0438  1.0  2  3  2  278  1.716  1.0288  1096
20  6  265  70  300  339  254  4.2857  4.0  3.6286  0.0  0.7817  1.0433  2  3  2  228  3.2571  1.1623  524
20  6  232  56  421  396  333  7.5179  7.0  5.9464  0.0  0.5859  0.6967  3  3  2  271  4.8393  0.8561  993
20  6  298  44  364  413  400  8.2727  9.0  9.0909  0.0  0.7215  0.745  3  3  3  364  8.2727  0.8187  166
20  7  388  93  366  344  362  3.9355  3.0  3.8925  1.0  1.1279  1.0718  3  3  3  272  2.9247  1.4265  538
20  7  323  87  470  490  481  5.4023  5.0  5.5287  0.0  0.6592  0.6715  3  3  3  297  3.4138  1.0875  1513
20  7  311  152  380  378  359  2.5  2.0  2.3618  0.0  0.8228  0.8663  2  3  3  315  2.0724  0.9873  413
20  7  231  76  381  392  380  5.0132  5.0  5.0  0.0  0.5893  0.6079  3  3  3  273  3.5921  0.8462  5275
20  7  281  60  335  263  350  5.5833  4.0  5.8333  0.0  1.0684  0.8029  3  3  3  263  4.3833  1.0684  4528
20  7  274  126  402  409  445  3.1905  3.0  3.5317  0.0  0.6699  0.6157  3  3  3  374  2.9683  0.7326  577
20  7  307  58  255  175  255  4.3966  3.0  4.3966  1.0  1.7543  1.2039  3  3  3  175  3.0172  1.7543  2037
20  7  349  120  368  343  370  3.0667  2.0  3.0833  0.0  1.0175  0.9432  3  3  3  251  2.0917  1.3904  1135
20  7  334  170  364  346  359  2.1412  2.0  2.1118  0.0  0.9653  0.9304  3  3  3  364  2.1412  0.9176  1337
20  7  302  124  315  321  310  2.5403  2.0  2.5  0.0  0.9408  0.9742  3  3  3  286  2.3065  1.0559  1773
20  7  305  73  460  447  429  6.3014  6.0  5.8767  0.0  0.6823  0.711  3  3  3  291  3.9863  1.0481  724
20  7  309  99  380  375  407  3.8384  3.0  4.1111  0.0  0.824  0.7592  3  3  3  380  3.8384  0.8132  806
20  7  367  155  382  351  347  2.4645  2.0  2.2387  0.0  1.0456  1.0576  3  3  3  291  1.8774  1.2612  1087
20  7  254  80  280  327  301  3.5  4.0  3.7625  0.0  0.7768  0.8439  3  3  3  203  2.5375  1.2512  186
20  7  271  67  217  417  409  3.2388  6.0  6.1045  1.0  0.6499  0.6626  2  3  3  217  3.2388  1.2488  125
20  7  324  123  331  326  240  2.6911  2.0  1.9512  0.0  0.9939  1.35  3  3  3  208  1.6911  1.5577  2789
20  7  370  178  459  453  469  2.5787  2.0  2.6348  0.0  0.8168  0.7889  3  3  3  457  2.5674  0.8096  2513
20  7  329  117  364  424  387  3.1111  3.0  3.3077  0.0  0.7759  0.8501  3  3  2  333  2.8462  0.988  282
20  7  252  101  312  328  255  3.0891  3.0  2.5248  0.0  0.7683  0.9882  3  3  3  233  2.3069  1.0815  294
20  7  317  117  322  343  242  2.7521  2.0  2.0684  0.0  0.9242  1.3099  3  3  3  230  1.9658  1.3783  699
20  7  268  68  437  464  370  6.4265  6.0  5.4412  0.0  0.5776  0.7243  3  3  3  371  5.4559  0.7224  1989
20  7  292  113  283  219  227  2.5044  1.0  2.0088  1.0  1.3333  1.2863  3  3  2  214  1.8938  1.3645  3586
20  7  404  122  470  519  465  3.8525  4.0  3.8115  0.0  0.7784  0.8688  3  3  3  365  2.9918  1.1068  4502
20  7  313  108  563  351  431  5.213  3.0  3.9907  0.0  0.8917  0.7262  3  3  3  495  4.5833  0.6323  382
20  7  307  102  308  280  263  3.0196  2.0  2.5784  0.0  1.0964  1.1673  3  3  3  257  2.5196  1.1946  356
20  7  231  76  261  239  248  3.4342  3.0  3.2632  0.0  0.9665  0.9315  3  3  3  194  2.5526  1.1907  1810
20  7  343  84  296  282  301  3.5238  3.0  3.5833  1.0  1.2163  1.1395  4  3  3  296  3.5238  1.1588  4692
20  7  343  84  296  282  301  3.5238  3.0  3.5833  1.0  1.2163  1.1395  4  3  3  233  2.7738  1.4721  469
20  7  321  129  416  335  327  3.2248  2.0  2.5349  0.0  0.9582  0.9817  3  3  3  358  2.7752  0.8966  1600
20  7  319  83  358  335  385  4.3133  4.0  4.6386  0.0  0.9522  0.8286  3  3  3  325  3.9157  0.9815  2616
20  7  332  136  384  351  308  2.8235  2.0  2.2647  0.0  0.9459  1.0779  3  3  2  296  2.1765  1.1216  1068
20  7  324  104  337  527  431  3.2404  5.0  4.1442  0.0  0.6148  0.7517  3  3  3  332  3.1923  0.9759  2288
20  7  356  82  279  296  298  3.4024  3.0  3.6341  1.0  1.2027  1.1946  3  3  3  279  3.4024  1.276  3819
20  7  267  109  314  332  294  2.8807  3.0  2.6972  0.0  0.8042  0.9082  3  3  2  262  2.4037  1.0191  5384
