18  22  28  20  24  21  18
13  26  13  25  16  27  18
14  24  25  21  17  19  20
8  9  10  10  7  10  14
23  30  22  33  31  30  28
8  14  7  10  13  10  8
36  33  32  35  34  20  31
11  16  16  16  14  16  17
15  17  12  19  13  14  13
11  16  7  16  16  9  11
23  31  24  17  32  18  24
2  1  1  1  1  1  2
11  10  12  16  8  11  9
14  13  12  14  9  11  9
14  11  14  10  13  12  11
2  2  3  3  3  2  2
21  13  22  23  19  12  14
15  28  19  22  18  15  32
22  24  20  16  22  22  14
25  27  24  30  23  34  35
16  19  24  19  23  29  30
5  10  11  11  11  11  5
32  20  34  30  36  35  18
20  23  30  23  18  27  26
24  16  20  19  22  20  17
10  8  14  12  14  10  12
7  8  5  9  8  8  7
35  23  20  28  30  34  27
18  27  16  32  18  19  17
5  8  4  9  5  7  9
28  33  21  27  28  26  27
7  5  5  6  5  8  11
21  10  19  13  12  15  15
9  9  9  13  12  15  9
20  13  10  18  19  14  11
15  20  23  29  32  30  30
8  16  16  12  8  10  13
23  13  18  18  13  19  21
18  11  14  12  15  16  19
10  8  13  6  7  13  12
