1  2  33
1  3  245
1  4  17
1  5  47
2  8  58
2  6  196
2  7  242
3  9  81
3  10  210
4  11  149
5  12  89
6  13  246
7  14  152
7  15  227
8  16  2
8  17  129
8  18  100
9  19  63
9  20  122
10  21  247
10  22  102
11  23  130
12  24  177
12  25  193
12  26  168
12  27  145
13  28  106
14  28  103
15  28  143
16  29  214
17  30  238
18  30  69
19  30  166
20  31  86
21  31  157
22  31  164
23  32  242
24  32  61
25  33  58
26  33  148
27  33  172
28  34  85
29  35  189
30  36  254
31  37  43
32  38  246
33  39  157
34  40  88
35  40  200
36  40  64
37  40  3
38  40  83
39  40  137
