27  24  24  25  25  24  25
20  20  19  20  19  20  19
7  6  7  6  7  6  6
4  4  3  3  4  3  4
8  7  7  7  8  7  8
4  4  3  4  4  3  4
3  4  3  4  3  3  3
16  15  15  15  16  16  16
12  12  13  12  12  13  12
17  17  18  18  17  17  18
17  16  16  17  17  16  17
13  13  13  14  14  13  13
28  26  27  25  28  25  25
24  24  23  22  21  24  21
26  27  25  26  24  25  26
23  24  23  23  24  26  25
13  12  12  13  13  12  13
17  18  17  18  17  18  18
6  6  6  7  7  6  6
12  13  13  13  13  12  12
19  20  20  19  19  20  19
20  20  19  19  19  20  20
4  5  4  5  5  5  4
26  25  24  24  27  24  27
18  18  18  18  17  17  18
5  5  4  4  4  5  5
23  25  24  22  25  23  24
6  6  7  6  7  7  7
2  1  2  1  2  2  2
5  6  5  5  6  6  6
8  8  7  7  8  8  7
27  27  26  25  26  27  26
17  17  16  16  16  16  16
6  6  7  6  6  7  7
15  15  16  15  15  15  15
14  15  15  14  14  14  14
21  22  22  21  21  21  23
4  4  3  3  4  4  3
23  20  23  20  23  22  20
12  12  12  13  12  12  12
