1  1  2  2  2  2  1
21  17  21  21  25  19  24
6  7  5  5  8  7  7
6  7  5  8  7  7  5
2  3  2  2  3  3  3
13  10  9  11  12  12  14
5  3  3  4  4  4  3
3  4  4  3  4  3  3
4  4  4  5  3  5  3
10  12  9  14  12  10  10
26  20  22  16  23  20  23
4  4  3  5  4  4  4
23  17  19  21  26  18  24
2  1  1  2  2  1  2
26  28  29  28  24  24  32
16  22  19  15  22  16  19
6  7  4  4  7  5  6
8  8  7  7  7  8  6
8  11  9  10  12  9  8
12  10  10  10  11  12  10
3  3  4  5  4  3  4
28  18  27  21  30  24  19
6  7  5  5  6  6  7
7  6  7  6  6  7  4
20  17  19  21  15  17  19
11  12  12  8  12  11  8
11  9  12  10  12  10  8
6  6  6  9  6  9  7
17  22  18  20  21  17  22
14  17  14  19  19  19  18
6  5  5  7  5  5  8
26  21  20  23  17  24  28
13  17  18  13  16  18  16
3  3  3  3  3  2  2
18  14  18  16  15  16  18
4  3  3  3  4  5  5
4  3  3  4  3  4  3
29  26  21  18  29  25  22
22  25  23  25  17  17  25
6  4  6  4  6  7  6
