1  2  42
1  3  32
2  8  76
2  4  249
2  5  106
2  6  3
2  7  45
3  9  101
3  10  181
4  11  231
4  12  102
4  13  32
4  14  130
4  15  48
5  16  116
5  17  109
6  18  43
6  19  45
6  20  58
6  21  119
7  22  230
7  23  33
8  24  6
8  25  165
9  26  237
9  27  3
10  28  202
11  29  49
12  30  145
13  30  145
14  31  95
15  31  56
16  32  113
17  33  3
18  34  183
19  34  36
20  34  221
21  34  70
22  34  176
23  35  98
24  36  13
25  37  4
26  37  70
27  38  137
28  39  200
29  40  151
30  40  213
31  40  131
32  40  88
33  40  116
34  40  259
35  40  99
36  40  25
37  40  8
38  40  7
39  40  58
