40  3  438  59  434  464  434  7.3559  7.0  7.3559  1.0  0.944  1.0092  8  8  6  366  6.2034  1.1967  19668
40  3  408  143  409  572  390  2.8601  4.0  2.7273  0.0  0.7133  1.0462  6  8  5  338  2.3636  1.2071  1103
40  3  365  72  265  218  278  3.6806  3.0  3.8611  1.0  1.6743  1.3129  6  8  5  265  3.6806  1.3774  18161
40  3  495  178  610  579  609  3.427  3.0  3.4213  0.0  0.8549  0.8128  6  8  5  552  3.1011  0.8967  5213
40  3  495  178  610  579  609  3.427  3.0  3.4213  0.0  0.8549  0.8128  6  8  5  474  2.6629  1.0443  18291
40  3  401  72  440  425  402  6.1111  5.0  5.5833  0.0  0.9435  0.9975  7  8  5  329  4.5694  1.2188  7402
40  3  506  99  555  614  469  5.6061  6.0  4.7374  0.0  0.8241  1.0789  7  8  5  499  5.0404  1.014  6243
40  3  485  85  463  400  460  5.4471  4.0  5.4118  1.0  1.2125  1.0543  8  8  5  340  4.0  1.4265  9188
40  3  458  96  503  604  514  5.2396  6.0  5.3542  0.0  0.7583  0.8911  6  8  5  415  4.3229  1.1036  40058
40  3  492  88  395  337  409  4.4886  3.0  4.6477  1.0  1.4599  1.2029  6  8  5  337  3.8295  1.4599  12631
40  3  464  94  388  345  359  4.1277  3.0  3.8191  1.0  1.3449  1.2925  7  8  5  388  4.1277  1.1959  1237
40  3  464  94  388  345  359  4.1277  3.0  3.8191  1.0  1.3449  1.2925  7  8  5  388  4.1277  1.1959  941
40  3  467  104  357  266  315  3.4327  2.0  3.0288  1.0  1.7556  1.4825  7  8  5  270  2.5962  1.7296  1492
40  3  571  150  600  435  559  4.0  2.0  3.7267  0.0  1.3126  1.0215  6  8  5  437  2.9133  1.3066  8712
40  3  571  150  600  435  559  4.0  2.0  3.7267  0.0  1.3126  1.0215  6  8  5  437  2.9133  1.3066  2278
40  3  496  88  509  480  495  5.7841  5.0  5.625  0.0  1.0333  1.002  6  8  5  452  5.1364  1.0973  5791
40  3  412  119  434  363  475  3.6471  3.0  3.9916  0.0  1.135  0.8674  7  8  5  425  3.5714  0.9694  5398
40  3  397  123  610  509  625  4.9593  4.0  5.0813  0.0  0.78  0.6352  7  8  5  610  4.9593  0.6508  1896
40  3  427  78  476  436  460  6.1026  5.0  5.8974  0.0  0.9794  0.9283  6  8  5  366  4.6923  1.1667  6492
40  3  527  127  526  527  628  4.1417  4.0  4.9449  1.0  1.0  0.8392  7  8  6  526  4.1417  1.0019  3429
40  4  502  114  575  449  338  5.0439  3.0  2.9649  0.0  1.118  1.4852  6  8  6  406  3.5614  1.2365  5769
40  4  408  127  395  388  352  3.1102  3.0  2.7717  1.0  1.0515  1.1591  7  9  6  334  2.6299  1.2216  7707
40  4  425  25  363  332  412  14.52  13.0  16.48  1.0  1.2801  1.0316  8  9  6  303  12.12  1.4026  15040
40  4  418  93  276  283  227  2.9677  3.0  2.4409  1.0  1.477  1.8414  6  8  6  276  2.9677  1.5145  7759
40  4  406  64  395  407  479  6.1719  6.0  7.4844  1.0  0.9975  0.8476  9  9  6  395  6.1719  1.0278  1255
40  4  363  43  351  385  368  8.1628  8.0  8.5581  1.0  0.9429  0.9864  8  9  6  334  7.7674  1.0868  36096
40  4  407  132  394  552  292  2.9848  4.0  2.2121  1.0  0.7373  1.3938  7  8  6  394  2.9848  1.033  676
40  4  430  55  367  365  326  6.6727  6.0  5.9273  1.0  1.1781  1.319  7  8  6  367  6.6727  1.1717  4633
40  4  390  128  282  243  319  2.2031  1.0  2.4922  1.0  1.6049  1.2226  6  8  6  264  2.0625  1.4773  4580
40  4  403  117  312  326  297  2.6667  2.0  2.5385  1.0  1.2362  1.3569  6  8  6  312  2.6667  1.2917  8717
40  4  432  121  475  475  476  3.9256  3.0  3.9339  0.0  0.9095  0.9076  7  8  6  409  3.3802  1.0562  5261
40  4  441  106  482  459  505  4.5472  4.0  4.7642  0.0  0.9608  0.8733  7  9  6  401  3.783  1.0998  3618
40  4  389  76  438  353  367  5.7632  4.0  4.8289  0.0  1.102  1.0599  7  9  6  438  5.7632  0.8881  1800
40  4  389  76  438  353  367  5.7632  4.0  4.8289  0.0  1.102  1.0599  7  9  6  386  5.0789  1.0078  11801
40  5  311  54  346  328  294  6.4074  6.0  5.4444  0.0  0.9482  1.0578  7  9  6  346  6.4074  0.8988  10193
40  5  295  77  346  430  344  4.4935  5.0  4.4675  0.0  0.686  0.8576  8  9  7  301  3.9091  0.9801  7302
40  5  295  77  346  430  344  4.4935  5.0  4.4675  0.0  0.686  0.8576  9  9  7  301  3.9091  0.9801  5133
40  5  317  100  348  507  322  3.48  5.0  3.22  0.0  0.6252  0.9845  8  9  6  309  3.09  1.0259  13620
40  5  375  110  339  286  268  3.0818  2.0  2.4364  1.0  1.3112  1.3993  8  9  6  318  2.8909  1.1792  5080
40  5  317  100  348  507  322  3.48  5.0  3.22  0.0  0.6252  0.9845  8  9  6  309  3.09  1.0259  24372
40  5  375  110  339  286  268  3.0818  2.0  2.4364  1.0  1.3112  1.3993  8  9  6  314  2.8545  1.1943  13758
40  5  334  89  324  357  300  3.6404  4.0  3.3708  1.0  0.9356  1.1133  8  9  6  301  3.382  1.1096  3071
40  5  334  89  324  357  300  3.6404  4.0  3.3708  1.0  0.9356  1.1133  8  9  6  308  3.4607  1.0844  7473
40  5  355  115  421  346  392  3.6609  3.0  3.4087  0.0  1.026  0.9056  8  9  6  414  3.6  0.8575  21487
40  5  343  44  385  362  403  8.75  8.0  9.1591  0.0  0.9475  0.8511  9  9  7  272  6.1818  1.261  36546
40  5  381  87  338  321  332  3.8851  3.0  3.8161  1.0  1.1869  1.1476  7  9  6  318  3.6552  1.1981  1599
40  5  318  53  283  261  260  5.3396  4.0  4.9057  1.0  1.2184  1.2231  10  9  7  229  4.3208  1.3886  34992
40  5  323  69  282  352  293  4.087  5.0  4.2464  1.0  0.9176  1.1024  9  9  7  282  4.087  1.1454  1202
40  5  328  54  312  287  254  5.7778  5.0  4.7037  1.0  1.1429  1.2913  8  9  6  312  5.7778  1.0513  14575
40  5  395  67  415  405  378  6.194  6.0  5.6418  0.0  0.9753  1.045  10  9  7  415  6.194  0.9518  24357
40  5  377  59  242  222  230  4.1017  3.0  3.8983  1.0  1.6982  1.6391  8  9  7  193  3.2712  1.9534  21324
40  5  334  65  361  248  362  5.5538  3.0  5.5692  0.0  1.3468  0.9227  7  9  7  320  4.9231  1.0437  12102
40  6  399  87  465  452  455  5.3448  5.0  5.2299  0.0  0.8827  0.8769  9  9  7  372  4.2759  1.0726  45649
40  6  436  135  384  358  307  2.8444  2.0  2.2741  1.0  1.2179  1.4202  8  9  7  320  2.3704  1.3625  5467
40  6  431  121  459  308  433  3.7934  2.0  3.5785  0.0  1.3994  0.9954  8  9  7  320  2.6446  1.3469  7882
40  6  456  136  528  550  541  3.8824  4.0  3.9779  0.0  0.8291  0.8429  8  9  7  463  3.4044  0.9849  15065
40  6  418  76  493  410  503  6.4868  5.0  6.6184  0.0  1.0195  0.831  9  9  7  449  5.9079  0.931  11443
40  6  454  131  654  394  534  4.9924  3.0  4.0763  0.0  1.1523  0.8502  9  9  7  345  2.6336  1.3159  1877
40  6  452  131  357  346  448  2.7252  2.0  3.4198  1.0  1.3064  1.0089  6  9  7  337  2.5725  1.3412  893
40  6  497  134  549  568  468  4.097  4.0  3.4925  0.0  0.875  1.062  8  9  7  549  4.097  0.9053  4430
40  6  533  65  460  431  411  7.0769  6.0  6.3231  1.0  1.2367  1.2968  10  10  7  408  6.2769  1.3064  7233
40  6  439  130  477  514  411  3.6692  3.0  3.1615  0.0  0.8541  1.0681  7  9  7  302  2.3231  1.4536  7685
40  6  386  27  389  427  430  14.4074  15.0  15.9259  0.0  0.904  0.8977  10  10  8  315  11.6667  1.2254  3463
40  6  452  89  519  506  504  5.8315  5.0  5.6629  0.0  0.8933  0.8968  8  9  7  439  4.9326  1.0296  1807
40  6  426  76  294  252  247  3.8684  3.0  3.25  1.0  1.6905  1.7247  7  9  7  212  2.7895  2.0094  3593
40  6  477  74  520  424  370  7.027  5.0  5.0  0.0  1.125  1.2892  9  9  8  395  5.3378  1.2076  30131
40  6  472  79  330  309  332  4.1772  3.0  4.2025  1.0  1.5275  1.4217  10  9  7  302  3.8228  1.5629  13484
40  7  499  72  500  624  526  6.9444  8.0  7.3056  0.0  0.7997  0.9487  9  10  8  500  6.9444  0.998  1987
40  7  591  78  574  559  550  7.359  7.0  7.0513  1.0  1.0572  1.0745  9  10  8  424  5.4359  1.3939  8865
40  7  637  92  625  477  617  6.7935  5.0  6.7065  1.0  1.3354  1.0324  10  10  8  447  4.8587  1.4251  40626
40  7  555  108  536  373  568  4.963  3.0  5.2593  1.0  1.4879  0.9771  9  10  8  495  4.5833  1.1212  42513
40  7  555  108  536  373  568  4.963  3.0  5.2593  1.0  1.4879  0.9771  9  10  8  400  3.7037  1.3875  11199
40  7  431  83  479  313  306  5.7711  3.0  3.6867  0.0  1.377  1.4085  8  9  8  324  3.9036  1.3302  1027
40  7  592  122  683  558  640  5.5984  4.0  5.2459  0.0  1.0609  0.925  9  10  8  485  3.9754  1.2206  41948
40  7  515  91  494  535  512  5.4286  5.0  5.6264  1.0  0.9626  1.0059  9  10  8  409  4.4945  1.2592  32235
40  7  527  149  659  559  679  4.4228  3.0  4.557  0.0  0.9428  0.7761  9  9  8  443  2.9732  1.1896  37808
40  7  558  102  487  430  479  4.7745  4.0  4.6961  1.0  1.2977  1.1649  9  10  8  372  3.6471  1.5  36435
40  7  519  95  538  535  642  5.6632  5.0  6.7579  0.0  0.9701  0.8084  11  10  8  475  5.0  1.0926  3454
40  7  504  79  488  496  564  6.1772  6.0  7.1392  1.0  1.0161  0.8936  10  10  8  488  6.1772  1.0328  25727
40  7  487  153  633  721  640  4.1373  4.0  4.183  0.0  0.6755  0.7609  10  9  8  512  3.3464  0.9512  8180
40  7  513  83  573  505  501  6.9036  6.0  6.0361  0.0  1.0158  1.024  9  10  8  465  5.6024  1.1032  6784
40  7  563  99  494  490  499  4.9899  4.0  5.0404  1.0  1.149  1.1283  8  9  8  465  4.697  1.2108  21442
40  7  563  99  494  490  499  4.9899  4.0  5.0404  1.0  1.149  1.1283  8  9  8  465  4.697  1.2108  4740
40  7  501  115  578  568  548  5.0261  4.0  4.7652  0.0  0.882  0.9142  9  10  8  578  5.0261  0.8668  2062
