1  2  61
1  3  124
1  4  163
1  5  53
2  6  205
2  7  75
3  8  53
3  9  77
4  10  204
5  11  250
5  12  40
6  13  72
7  14  199
8  15  285
9  16  128
10  16  169
11  16  99
12  17  8
13  18  81
14  19  71
15  19  265
16  20  55
17  20  316
18  21  93
18  22  237
18  23  287
19  24  79
19  25  282
20  26  307
21  27  166
21  28  16
21  29  55
21  30  109
21  31  146
22  32  186
22  33  210
23  34  43
24  35  146
24  36  219
25  37  275
26  38  246
27  39  112
28  39  266
29  39  125
30  39  287
31  40  319
32  40  194
33  40  238
34  40  26
35  40  235
36  40  311
37  40  247
38  40  78
39  41  153
39  42  32
39  43  27
40  44  60
41  45  26
42  46  302
43  46  308
44  47  2
45  48  272
45  49  278
46  50  93
47  51  166
47  52  134
48  53  234
49  54  2
50  54  160
51  55  291
52  56  29
53  57  57
54  58  293
55  59  118
56  59  173
57  60  193
58  60  287
59  60  58
