11  8  8  11  8
14  16  17  17  15
7  8  8  7  8
5  5  6  5  6
12  11  11  11  12
18  14  17  15  18
2  3  2  2  3
3  2  2  3  2
9  7  7  7  8
2  2  2  2  3
3  3  4  4  4
7  7  9  9  8
14  17  18  18  14
12  11  13  10  11
7  7  6  7  6
12  10  11  13  11
11  13  14  14  14
8  8  8  8  8
13  14  14  12  15
17  16  15  17  14
12  12  15  15  15
13  15  14  13  12
8  7  7  8  7
4  4  5  5  5
13  14  11  12  12
13  12  13  12  14
14  15  15  16  14
7  7  9  9  8
5  4  5  4  5
2  2  2  3  3
8  8  8  8  7
11  9  10  9  12
6  5  6  6  6
11  14  13  11  13
17  15  17  17  16
12  12  12  11  12
4  5  4  4  4
14  16  16  17  18
13  14  13  15  15
9  9  9  9  7
