8  8  7  8  7
6  5  6  5  6
1  1  2  2  1
4  5  5  4  5
7  8  7  7  8
4  4  4  4  3
14  17  14  16  16
3  3  3  2  3
11  11  10  12  10
14  12  11  13  14
3  3  3  3  4
11  14  14  13  13
13  12  10  10  11
7  7  8  8  7
6  7  7  6  7
9  9  7  9  7
2  2  1  2  1
11  12  11  13  12
4  4  5  4  5
10  12  9  10  10
14  13  12  14  12
5  6  5  5  5
15  13  14  12  14
2  2  2  1  2
4  3  3  3  4
3  4  4  3  4
2  2  3  2  2
12  10  12  10  12
7  8  7  7  8
14  11  13  14  11
6  6  6  5  5
13  14  14  15  12
7  8  8  8  7
16  16  14  14  15
16  18  18  14  18
5  4  4  5  4
2  3  3  2  2
11  12  13  12  11
7  8  7  8  7
14  15  12  13  13
