1  2  7
1  3  78
1  4  76
1  5  73
1  6  53
2  7  8
3  8  26
4  9  27
4  10  8
5  11  22
6  12  13
6  13  41
6  14  69
7  16  46
7  17  21
7  15  10
8  18  22
9  19  29
9  20  33
10  21  17
10  22  53
11  24  31
11  25  33
11  26  78
11  23  4
12  27  10
13  28  30
14  32  10
14  29  65
14  30  66
14  31  6
15  33  69
16  33  36
17  33  50
18  33  53
19  34  29
20  34  17
21  34  22
22  35  25
23  35  12
24  36  22
25  37  70
26  38  7
27  38  30
28  39  67
29  39  62
30  39  19
31  39  72
32  39  79
33  40  45
34  40  31
35  40  5
36  40  49
37  40  35
38  40  11
39  40  58
