15  14  15  14  15
8  9  8  9  8
5  6  5  6  6
4  5  4  5  4
11  12  11  12  11
3  3  4  3  3
16  17  16  17  16
15  15  15  15  15
12  12  11  12  11
6  6  7  6  7
9  10  9  10  10
4  5  4  4  5
4  3  3  4  3
12  13  12  13  13
7  8  7  7  8
2  3  2  3  3
9  9  9  9  10
15  15  14  14  14
9  10  10  9  9
3  3  3  3  4
11  12  12  12  12
4  4  4  4  4
13  14  13  13  14
1  1  2  1  2
17  16  16  16  16
15  15  16  15  16
15  14  14  14  15
3  4  3  3  4
8  8  9  9  9
7  6  7  7  6
2  3  2  3  3
6  7  6  7  6
9  9  9  8  9
14  14  14  13  14
13  14  14  14  13
8  8  9  9  8
3  3  3  3  2
6  6  6  6  6
3  2  2  2  3
7  8  8  7  8
