1  2  39
1  3  124
1  4  142
2  5  156
3  8  127
3  6  48
3  7  14
4  9  87
5  10  56
6  11  159
7  12  107
8  13  96
9  13  111
10  14  121
10  15  106
11  16  99
11  17  96
12  18  79
13  19  18
13  20  57
13  21  75
14  22  86
15  23  70
16  23  37
17  24  124
18  24  98
19  25  108
20  26  23
21  26  69
22  27  143
23  28  47
24  29  57
25  30  112
26  31  90
27  32  45
27  33  50
28  34  65
29  35  12
29  36  16
29  37  42
30  38  48
31  39  43
32  40  73
33  40  4
34  40  22
35  40  12
36  40  130
37  40  29
38  40  70
39  40  61
