12  12  14  11  13
4  4  4  3  4
5  8  6  7  5
5  3  4  5  4
3  3  4  3  4
12  8  8  11  11
6  8  7  8  6
4  4  3  4  4
6  5  4  6  6
1  2  1  1  2
6  8  8  8  9
3  2  3  2  3
10  14  10  11  13
20  13  18  19  12
9  12  8  8  9
3  3  3  3  3
11  8  9  10  9
10  12  13  9  10
6  7  7  8  6
3  2  3  3  3
4  3  5  4  3
14  11  14  13  9
16  17  15  14  16
3  4  4  4  3
12  13  14  17  12
1  1  2  2  1
2  2  2  2  2
8  5  7  7  8
18  14  17  15  12
4  3  4  4  3
7  7  4  6  7
4  7  4  6  4
12  13  13  11  8
6  6  6  6  7
15  17  14  15  15
8  8  6  6  9
3  3  4  3  4
10  13  13  8  10
13  19  20  17  14
13  19  18  15  12
