1  2  94
1  3  99
1  4  86
1  5  112
1  6  64
2  7  16
3  8  122
4  8  76
5  9  14
6  10  19
7  11  8
8  12  1
9  13  156
10  14  115
11  15  45
12  16  137
13  17  99
14  18  5
15  19  11
16  20  119
16  21  120
16  22  95
17  23  140
18  24  34
18  25  111
18  26  42
18  27  111
19  28  84
20  28  91
21  28  159
22  28  92
23  28  69
24  29  60
25  29  126
26  29  158
27  29  145
28  30  111
28  31  49
29  32  11
30  33  104
31  33  74
32  34  127
33  35  57
33  36  120
34  37  45
34  38  154
34  39  94
35  40  79
36  40  7
37  40  6
38  40  136
39  40  151
