1  2  135
1  3  245
1  4  297
1  5  27
2  6  108
3  7  156
4  8  356
4  9  275
5  10  282
6  11  293
6  12  329
7  13  220
7  14  221
7  15  217
8  16  247
8  17  19
9  18  323
10  19  164
10  20  252
10  21  345
11  22  97
12  23  60
13  23  98
14  23  14
15  23  310
16  24  243
17  25  170
18  25  98
19  26  253
20  27  132
21  28  104
22  29  318
23  30  291
24  31  217
25  32  48
26  33  74
27  34  283
28  35  49
28  36  290
29  37  100
29  38  122
30  39  61
31  40  16
32  41  2
33  42  143
33  43  79
34  44  346
35  45  265
36  46  202
37  47  127
38  48  110
38  49  137
38  50  335
39  51  202
40  52  43
40  53  275
41  54  62
41  55  182
42  56  128
43  57  152
44  58  23
45  59  98
46  60  235
47  61  339
48  62  92
49  62  294
50  63  230
51  63  70
52  64  76
53  64  162
54  64  359
55  65  26
56  66  205
57  67  276
58  67  3
59  68  213
60  68  191
61  69  147
62  69  95
63  69  331
64  70  119
65  71  233
66  72  356
67  73  237
68  74  158
69  75  73
70  76  61
70  77  262
71  78  151
72  80  321
72  81  342
72  79  318
73  82  15
74  83  155
74  84  45
75  85  66
76  85  230
77  86  114
78  87  111
79  87  219
80  87  22
81  88  220
82  88  272
83  89  339
84  89  343
85  90  155
86  90  26
87  90  88
88  91  205
89  92  116
90  93  170
90  94  272
91  96  324
91  95  357
92  97  87
92  98  192
92  99  267
93  100  206
94  100  269
95  100  278
96  100  189
97  100  284
98  100  216
99  100  14
