17  12  13  14  12  12
10  15  11  15  14  10
23  18  14  18  17  18
6  9  8  8  6  9
4  3  3  3  4  4
3  4  3  4  5  5
6  5  7  6  6  7
4  3  4  4  3  4
21  19  17  20  21  16
6  6  7  7  4  6
5  6  5  6  7  7
18  18  15  22  16  14
4  4  3  3  3  3
11  12  10  14  12  14
6  4  6  7  7  4
11  7  11  10  12  11
15  15  14  15  13  19
8  7  6  8  6  5
1  2  2  1  2  1
4  4  3  3  3  3
24  22  23  21  20  18
16  13  11  18  14  17
2  3  2  3  3  2
3  3  3  3  3  3
14  17  12  16  15  12
13  11  15  16  13  17
9  9  9  12  10  7
12  18  12  18  16  19
3  2  3  2  2  2
4  6  6  7  7  7
8  8  9  8  6  7
13  14  14  13  15  10
15  16  18  14  13  17
1  1  1  2  2  2
15  15  20  17  18  16
9  9  14  10  13  13
24  25  20  23  17  25
15  23  23  24  21  17
16  12  17  19  14  18
24  17  17  20  16  20
12  10  13  9  9  11
7  9  6  9  6  7
6  6  5  7  8  6
20  21  20  14  22  21
10  8  11  7  11  10
12  12  12  13  9  9
20  23  17  19  19  19
8  9  10  9  6  6
11  12  12  12  11  11
19  16  20  18  22  22
13  14  9  9  14  13
16  17  14  14  22  18
10  10  12  14  13  13
1  1  2  2  1  1
13  16  18  12  17  18
1  1  2  1  2  2
13  8  9  8  13  11
9  9  8  8  9  9
14  11  15  13  12  13
8  8  8  7  9  10
