10  14  11  16  16  9
21  18  19  24  14  21
9  9  6  5  8  5
3  2  4  2  2  5
10  17  11  10  8  15
11  8  7  11  11  8
15  8  12  9  9  13
3  4  5  4  3  5
21  15  11  18  15  18
4  6  4  8  4  5
12  10  9  14  12  14
6  6  7  6  5  5
5  4  6  7  6  4
7  7  5  6  6  5
3  2  2  3  3  2
5  6  4  8  7  7
19  27  20  23  25  28
23  12  15  14  25  26
5  9  6  9  5  6
2  2  3  2  3  3
1  2  2  1  2  2
4  6  3  3  5  6
5  4  3  6  5  6
7  4  6  5  7  5
19  15  23  14  19  13
11  11  12  10  10  12
20  13  19  20  18  18
8  8  11  5  10  10
14  24  14  24  16  21
19  19  20  20  13  16
13  14  10  14  11  20
13  10  9  6  11  13
21  17  10  18  17  11
6  11  10  12  9  10
4  7  8  9  8  5
8  9  5  7  9  4
1  2  2  1  1  2
18  24  17  16  25  20
3  3  2  2  2  2
21  26  13  26  16  13
2  1  2  2  1  1
19  18  18  15  23  28
12  12  8  11  13  9
15  15  11  10  16  9
24  27  15  25  13  22
22  14  14  15  13  16
2  2  2  2  2  1
4  6  4  3  3  4
10  5  7  9  5  5
20  13  20  16  19  16
10  19  18  12  14  18
12  14  14  12  10  9
15  18  11  14  17  17
20  14  14  18  12  24
9  9  9  5  11  9
25  27  21  19  24  27
2  2  2  1  2  2
20  21  12  12  11  17
3  3  6  5  3  5
3  3  2  3  2  2
