9  10  10  10  10  10  9
10  10  11  11  10  11  11
12  12  11  11  11  12  12
19  20  19  19  20  19  19
10  10  10  10  9  10  9
5  5  5  5  6  6  6
29  29  27  28  27  27  27
15  15  16  15  15  15  16
17  17  16  17  17  16  16
17  16  17  16  17  17  16
29  27  26  27  28  28  27
28  30  28  31  30  30  30
17  18  17  17  18  17  18
21  21  20  20  19  20  20
4  4  5  4  5  5  4
11  11  11  11  11  12  11
5  4  4  5  5  4  5
18  18  17  17  17  17  18
16  15  16  16  15  16  15
20  19  19  20  19  19  21
