17  17  18  16  15  15  15
26  26  27  26  27  22  22
15  16  15  13  14  16  15
11  10  9  10  9  10  11
23  20  20  21  19  22  19
14  12  14  14  14  14  15
28  32  32  30  32  28  31
28  31  29  26  25  27  28
11  11  13  14  14  12  13
6  7  6  6  6  6  7
30  29  31  29  26  32  30
30  28  24  26  24  26  29
6  6  7  6  6  7  7
31  34  30  30  34  30  28
13  10  11  13  10  12  11
31  30  33  28  34  27  28
11  11  11  12  11  14  12
19  18  18  19  19  19  22
9  10  10  9  8  10  8
22  21  26  22  23  21  22
