27  21  15  31  27  15  27
15  9  10  15  10  8  13
8  23  14  21  9  18  14
19  11  22  8  14  14  16
15  23  14  23  22  16  34
20  37  38  18  16  31  31
29  12  23  26  23  16  29
5  6  4  6  2  6  5
22  30  24  12  13  22  26
13  28  16  24  36  17  18
32  35  29  31  39  37  20
35  27  19  19  28  34  15
2  4  6  2  3  2  4
10  6  15  11  12  5  6
5  7  8  4  5  6  8
14  16  6  12  7  16  7
22  24  22  27  24  32  25
10  25  17  15  14  12  22
9  12  18  7  9  11  8
5  9  5  11  10  10  10
