25  23  28  34  33  26  31
9  11  10  14  14  14  11
3  3  4  4  4  5  5
21  19  25  27  27  32  21
18  24  21  20  20  18  17
10  13  16  13  10  11  12
33  29  26  27  33  32  35
12  17  19  15  16  19  14
31  31  36  33  29  37  27
15  18  23  21  15  23  21
17  20  22  15  18  20  22
30  25  33  24  28  29  29
25  29  36  29  31  28  24
5  8  6  5  7  8  5
25  21  24  23  29  30  26
9  8  6  7  7  9  9
19  20  22  19  25  19  22
7  6  5  7  5  6  6
9  9  10  10  9  14  10
20  19  19  17  15  22  23
