18  16  18  16  20  17  16
26  25  25  26  26  21  22
21  19  22  19  21  20  21
9  10  9  10  10  11  11
1  2  2  1  2  2  1
7  7  7  7  7  8  7
21  22  22  24  25  21  22
7  6  6  6  7  7  7
27  32  33  33  27  31  26
2  1  1  2  2  1  2
26  25  24  28  27  26  28
11  13  12  13  11  13  13
18  21  23  19  19  21  18
27  26  26  27  26  23  27
18  20  22  17  19  19  19
8  7  8  8  7  7  8
25  23  29  30  26  24  28
12  14  12  12  11  11  11
18  19  18  19  20  17  20
22  21  26  23  23  23  23
