13  16  15  15  15  16  12
8  7  10  9  7  11  11
10  11  11  13  15  16  11
16  12  17  17  18  18  16
25  19  16  15  18  21  24
13  17  14  18  14  13  16
24  28  24  30  34  25  23
9  11  9  9  14  14  12
15  13  11  14  15  14  9
22  19  19  21  16  15  14
9  9  7  7  12  12  10
4  4  3  3  3  5  4
27  23  24  26  24  24  25
32  32  22  28  30  21  24
10  10  12  11  12  13  14
16  22  25  19  18  17  17
22  18  20  23  23  17  16
32  32  34  34  23  31  33
28  17  28  18  17  28  28
19  20  18  12  17  20  13
