1  2  57
1  3  219
2  4  208
2  5  87
2  6  132
2  7  51
3  8  103
3  9  195
3  10  22
3  11  44
3  12  194
4  13  202
5  14  152
6  15  89
7  16  165
8  17  172
8  18  38
9  19  54
10  20  212
11  21  84
12  22  104
13  23  139
14  24  102
15  24  105
16  25  166
17  26  197
18  27  211
19  28  112
20  28  109
21  29  61
22  29  82
23  30  165
24  32  150
24  31  179
25  33  164
25  34  131
26  35  95
27  36  152
28  37  122
29  38  5
29  39  7
30  40  24
31  40  11
32  40  62
33  40  35
34  40  184
35  40  169
36  40  88
37  40  91
38  40  152
39  40  63
