1  2  1
1  3  54
2  4  73
2  5  13
3  8  21
3  6  18
3  7  30
4  9  96
4  10  5
4  11  71
5  16  54
5  12  27
5  13  23
5  14  79
5  15  48
6  17  52
6  18  23
7  19  39
8  20  61
8  21  56
9  22  5
10  23  20
11  23  55
12  23  37
13  24  104
14  25  57
15  25  97
16  26  98
17  27  72
18  28  2
19  29  92
20  30  69
21  31  30
22  32  22
23  33  104
24  34  76
25  34  19
26  35  69
27  35  75
28  36  99
29  37  55
30  38  5
31  39  106
32  40  21
33  40  86
34  40  98
35  40  12
36  40  108
37  40  31
38  40  70
39  40  40
