1  2  137
1  3  49
2  4  105
3  5  143
3  6  148
4  7  141
5  8  14
6  9  51
7  10  142
8  11  207
9  12  54
10  16  146
10  13  1
10  14  211
10  15  128
11  17  43
11  18  194
11  19  194
11  20  62
12  21  89
12  22  162
12  23  101
13  24  116
14  24  118
15  24  140
16  24  43
17  24  51
18  25  57
19  25  165
20  25  157
21  25  82
22  25  64
23  25  196
24  26  51
25  27  21
25  28  176
26  29  138
27  30  208
28  31  108
29  32  30
30  33  4
31  34  71
32  35  169
33  36  24
34  36  18
35  37  140
35  38  50
36  39  164
37  40  143
38  40  40
39  40  61
