1  2  157
1  3  207
1  4  184
1  5  212
2  6  56
2  7  130
3  8  76
4  9  176
5  10  210
5  11  141
5  12  54
6  13  46
7  14  138
7  15  132
8  16  58
9  17  218
9  18  77
9  19  25
10  20  212
10  21  33
10  22  154
11  23  190
12  24  176
13  25  84
14  26  68
15  26  27
16  26  41
17  26  206
18  27  99
19  28  48
20  29  24
21  30  203
22  31  115
23  32  117
24  32  133
25  33  96
26  34  22
27  35  85
28  36  172
29  37  188
30  37  204
31  38  79
32  39  77
33  40  148
34  40  126
35  40  56
36  40  136
37  40  13
38  40  25
39  40  157
