1  2  165
1  3  179
1  4  139
1  5  2
2  6  173
3  6  152
4  7  136
5  8  65
6  9  190
7  10  94
8  11  89
8  12  84
8  13  214
9  14  201
10  14  206
11  14  91
12  15  143
13  15  65
14  16  212
14  17  174
14  18  195
14  19  27
14  20  53
15  24  88
15  25  189
15  21  137
15  22  22
15  23  129
16  26  122
17  26  79
18  27  197
19  27  48
20  28  130
21  29  212
22  29  110
23  30  23
24  31  18
25  31  71
26  32  80
27  32  117
28  32  73
29  32  106
30  33  93
31  34  65
32  35  175
33  36  54
33  37  197
34  38  212
34  39  84
35  40  132
36  40  116
37  40  215
38  40  113
39  40  119
