1  2  22
1  3  63
1  4  31
1  5  67
2  6  15
3  8  29
3  7  52
4  9  71
5  10  69
5  11  62
6  12  44
7  13  92
7  14  53
8  16  8
8  15  79
9  17  70
10  18  108
11  19  84
11  20  99
11  21  30
12  22  61
13  23  83
14  24  90
15  25  82
16  26  61
17  27  4
18  28  17
19  29  66
20  30  35
21  30  47
22  31  105
23  32  10
24  33  35
25  34  35
26  35  92
27  36  87
28  37  1
29  38  109
30  39  34
31  40  39
32  40  85
33  40  53
34  40  21
35  40  2
36  40  92
37  40  76
38  40  6
39  40  2
