1  2  100
1  3  203
1  4  148
1  5  100
2  6  45
3  7  209
4  8  141
5  8  128
6  9  41
7  10  119
7  11  131
8  12  177
9  13  30
10  14  164
11  15  3
12  16  53
13  17  31
14  18  152
14  19  70
15  20  150
15  21  57
16  22  206
17  23  90
18  23  120
19  24  192
20  24  212
21  25  171
22  25  172
23  26  167
24  27  69
24  28  152
25  29  36
26  30  191
27  31  117
28  32  148
29  33  90
30  34  159
31  35  100
31  36  67
32  37  182
32  38  36
33  39  30
34  40  139
35  40  182
36  40  94
37  40  104
38  40  208
39  40  190
