1  2  88
1  3  50
1  4  84
1  5  114
1  6  69
2  7  58
3  7  122
4  8  122
5  9  125
6  9  166
7  10  101
7  11  81
8  12  46
9  13  209
10  14  54
11  14  153
12  15  66
13  16  5
14  17  118
14  18  197
14  19  42
15  20  33
15  21  148
15  22  34
16  24  17
16  25  118
16  26  68
16  27  35
16  23  19
17  28  177
18  28  61
19  28  206
20  28  121
21  28  164
22  28  164
23  28  67
24  29  154
25  29  161
26  29  87
27  29  113
28  32  53
28  30  189
28  31  154
29  33  140
30  34  215
31  35  42
32  36  93
33  36  64
34  37  83
35  38  202
36  39  74
37  40  191
38  40  130
39  40  64
