80  3  1165  101  795  759  899  7.8713  7.0  8.901  1.4654  1.5349  1.2959  29  31  19  795  7.8713  1.4654  187634
80  3  1272  195  1169  749  1080  5.9949  3.0  5.5385  1.0881  1.6983  1.1778  24  31  19  925  4.7436  1.3751  142761
80  3  1241  127  964  795  949  7.5906  6.0  7.4724  1.2873  1.561  1.3077  24  31  19  781  6.1496  1.589  119101
80  3  1125  207  934  778  761  4.5121  3.0  3.6763  1.2045  1.446  1.4783  20  30  18  813  3.9275  1.3838  86376
80  3  1195  135  793  893  816  5.8741  6.0  6.0444  1.5069  1.3382  1.4645  26  31  19  663  4.9111  1.8024  448907
80  3  1164  223  1320  1316  1200  5.9193  5.0  5.3812  0.8818  0.8845  0.97  25  31  19  1254  5.6233  0.9282  57788
80  4  959  168  990  694  692  5.8929  4.0  4.119  0.9687  1.3818  1.3858  25  32  20  990  5.8929  0.9687  111214
80  4  860  84  581  544  629  6.9167  6.0  7.4881  1.4802  1.5809  1.3672  27  32  21  581  6.9167  1.4802  20548
80  4  1026  165  776  589  755  4.703  3.0  4.5758  1.3222  1.7419  1.3589  22  31  20  776  4.703  1.3222  145831
80  5  1151  262  891  907  761  3.4008  3.0  2.9046  1.2918  1.269  1.5125  24  32  21  891  3.4008  1.2918  6109
80  5  1163  243  1152  1153  1064  4.7407  4.0  4.3786  1.0095  1.0087  1.093  29  33  22  1081  4.4486  1.0759  64202
80  5  1163  243  1152  1153  1064  4.7407  4.0  4.3786  1.0095  1.0087  1.093  28  33  23  1047  4.3086  1.1108  90200
