1  2  184
1  3  187
2  4  192
3  8  122
3  5  57
3  6  31
3  7  169
4  9  197
5  10  170
5  11  14
6  12  53
7  13  64
8  14  210
9  16  171
9  15  118
10  17  77
10  18  109
11  19  15
12  20  182
12  21  7
12  22  62
13  23  144
14  24  97
15  25  97
16  25  138
17  25  94
18  25  31
19  26  95
20  26  111
21  26  171
22  26  126
23  27  41
24  27  138
25  28  36
25  29  74
26  32  161
26  30  115
26  31  161
27  33  136
28  34  112
29  35  79
30  36  127
31  37  55
32  38  198
33  39  165
34  40  84
35  40  13
36  40  167
37  40  52
38  40  130
39  40  194
