1  2  36
1  3  58
1  4  87
2  5  50
2  6  29
2  7  93
3  8  12
4  9  50
5  10  38
5  11  107
5  12  22
5  13  100
5  14  70
6  16  68
6  17  63
6  18  87
6  19  12
6  15  7
7  20  62
7  21  14
7  22  29
7  23  36
8  24  108
8  25  104
8  26  73
8  27  61
8  28  46
9  32  12
9  33  93
9  29  86
9  30  104
9  31  103
10  34  25
11  34  70
12  35  22
13  35  56
14  35  54
15  35  3
16  36  90
17  36  106
18  37  95
19  37  73
20  37  94
21  37  58
22  37  94
23  38  80
24  38  55
25  38  50
26  38  57
27  39  43
28  39  82
29  39  108
30  39  109
31  39  104
32  39  98
33  39  66
34  40  64
35  40  100
36  40  93
37  40  54
38  40  35
39  40  82
