14  12  9  12  13  11
15  9  14  9  10  10
12  17  16  16  17  20
3  4  4  3  5  5
21  26  25  24  19  16
7  7  6  6  5  4
7  4  6  6  4  4
9  8  12  10  11  12
14  10  14  16  15  12
5  6  5  7  6  6
16  12  17  16  17  12
21  16  24  22  25  17
4  3  3  5  5  4
19  24  26  24  22  20
4  4  4  3  3  3
1  1  1  2  2  1
10  8  8  8  7  9
22  22  17  22  18  23
10  14  11  13  14  9
18  14  13  16  15  17
19  16  22  20  23  18
11  13  11  12  15  18
2  2  2  3  2  2
13  17  16  15  13  18
12  12  10  14  15  11
18  16  18  14  15  13
23  22  15  22  15  22
15  23  22  23  19  21
13  14  22  19  15  22
4  3  4  4  4  4
17  22  16  21  20  18
25  17  23  17  19  21
3  3  3  3  3  3
2  2  2  2  1  2
23  21  15  18  23  20
3  3  2  3  3  2
5  5  6  4  6  5
10  7  7  6  8  7
23  19  19  20  23  21
17  14  17  18  17  17
