1  2  39
1  3  166
2  4  25
2  5  208
3  6  184
4  7  65
5  8  109
6  9  162
7  10  93
8  11  184
9  12  52
10  13  211
10  14  46
10  15  68
11  16  188
11  17  104
11  18  14
12  19  27
12  20  134
12  21  75
12  22  52
12  23  79
13  24  23
14  24  80
15  24  206
16  25  162
17  25  180
18  25  154
19  26  70
20  26  136
21  26  135
22  26  95
23  26  64
24  27  85
24  28  181
25  29  134
26  30  81
26  31  139
27  32  197
28  33  82
29  34  105
30  34  17
31  34  92
32  35  165
32  36  192
33  37  55
33  38  156
34  39  165
35  40  65
36  40  200
37  40  198
38  40  39
39  40  9
