40  3  438  59  434  464  434  7.3559  7.0  7.3559  1.0  0.944  1.0092  7  8  5  338  5.7288  1.2959  12198
40  3  408  143  409  572  390  2.8601  4.0  2.7273  0.0  0.7133  1.0462  6  7  5  409  2.8601  0.9976  17551
40  3  365  72  265  218  278  3.6806  3.0  3.8611  1.0  1.6743  1.3129  6  7  5  232  3.2222  1.5733  5309
40  3  495  178  610  579  609  3.427  3.0  3.4213  0.0  0.8549  0.8128  6  7  5  450  2.5281  1.1  13417
40  3  495  178  610  579  609  3.427  3.0  3.4213  0.0  0.8549  0.8128  6  7  5  610  3.427  0.8115  6004
40  3  401  72  440  425  402  6.1111  5.0  5.5833  0.0  0.9435  0.9975  7  7  5  337  4.6806  1.1899  1163
40  3  506  99  555  614  469  5.6061  6.0  4.7374  0.0  0.8241  1.0789  7  7  5  499  5.0404  1.014  4019
40  3  485  85  463  400  460  5.4471  4.0  5.4118  1.0  1.2125  1.0543  7  8  5  463  5.4471  1.0475  7396
40  3  458  96  503  604  514  5.2396  6.0  5.3542  0.0  0.7583  0.8911  6  7  5  415  4.3229  1.1036  3636
40  3  492  88  395  337  409  4.4886  3.0  4.6477  1.0  1.4599  1.2029  6  8  5  395  4.4886  1.2456  2347
40  3  464  94  388  345  359  4.1277  3.0  3.8191  1.0  1.3449  1.2925  6  7  5  388  4.1277  1.1959  1121
40  3  464  94  388  345  359  4.1277  3.0  3.8191  1.0  1.3449  1.2925  6  7  5  365  3.883  1.2712  850
40  3  467  104  357  266  315  3.4327  2.0  3.0288  1.0  1.7556  1.4825  6  7  5  278  2.6731  1.6799  2398
40  3  571  150  600  435  559  4.0  2.0  3.7267  0.0  1.3126  1.0215  6  8  5  478  3.1867  1.1946  19610
40  3  571  150  600  435  559  4.0  2.0  3.7267  0.0  1.3126  1.0215  6  8  5  600  4.0  0.9517  6658
40  3  496  88  509  480  495  5.7841  5.0  5.625  0.0  1.0333  1.002  6  8  5  439  4.9886  1.1298  32308
40  3  412  119  434  363  475  3.6471  3.0  3.9916  0.0  1.135  0.8674  6  8  5  434  3.6471  0.9493  10614
40  3  397  123  610  509  625  4.9593  4.0  5.0813  0.0  0.78  0.6352  7  8  5  499  4.0569  0.7956  875
40  3  427  78  476  436  460  6.1026  5.0  5.8974  0.0  0.9794  0.9283  6  7  5  476  6.1026  0.8971  11611
40  3  527  127  526  527  628  4.1417  4.0  4.9449  1.0  1.0  0.8392  7  8  5  526  4.1417  1.0019  3407
40  4  502  114  575  449  338  5.0439  3.0  2.9649  0.0  1.118  1.4852  6  8  6  406  3.5614  1.2365  2377
40  4  408  127  395  388  352  3.1102  3.0  2.7717  1.0  1.0515  1.1591  7  8  5  360  2.8346  1.1333  8489
40  4  425  25  363  332  412  14.52  13.0  16.48  1.0  1.2801  1.0316  8  8  6  304  12.16  1.398  11340
40  4  418  93  276  283  227  2.9677  3.0  2.4409  1.0  1.477  1.8414  6  7  5  248  2.6667  1.6855  12466
40  4  406  64  395  407  479  6.1719  6.0  7.4844  1.0  0.9975  0.8476  9  8  6  395  6.1719  1.0278  5909
40  4  363  43  351  385  368  8.1628  8.0  8.5581  1.0  0.9429  0.9864  8  8  6  323  7.5116  1.1238  35313
40  4  407  132  394  552  292  2.9848  4.0  2.2121  1.0  0.7373  1.3938  7  8  6  394  2.9848  1.033  615
40  4  430  55  367  365  326  6.6727  6.0  5.9273  1.0  1.1781  1.319  6  8  5  335  6.0909  1.2836  6251
40  4  390  128  282  243  319  2.2031  1.0  2.4922  1.0  1.6049  1.2226  6  8  5  258  2.0156  1.5116  11420
40  4  403  117  312  326  297  2.6667  2.0  2.5385  1.0  1.2362  1.3569  6  7  5  244  2.0855  1.6516  17759
40  4  432  121  475  475  476  3.9256  3.0  3.9339  0.0  0.9095  0.9076  7  8  5  409  3.3802  1.0562  3951
40  4  441  106  482  459  505  4.5472  4.0  4.7642  0.0  0.9608  0.8733  7  8  5  473  4.4623  0.9323  9320
40  4  389  76  438  353  367  5.7632  4.0  4.8289  0.0  1.102  1.0599  7  8  6  377  4.9605  1.0318  23423
40  4  389  76  438  353  367  5.7632  4.0  4.8289  0.0  1.102  1.0599  6  8  5  438  5.7632  0.8881  12010
40  5  311  54  346  328  294  6.4074  6.0  5.4444  0.0  0.9482  1.0578  7  8  6  254  4.7037  1.2244  2194
40  5  295  77  346  430  344  4.4935  5.0  4.4675  0.0  0.686  0.8576  8  8  6  346  4.4935  0.8526  17645
40  5  295  77  346  430  344  4.4935  5.0  4.4675  0.0  0.686  0.8576  8  9  6  301  3.9091  0.9801  15582
40  5  317  100  348  507  322  3.48  5.0  3.22  0.0  0.6252  0.9845  7  8  6  309  3.09  1.0259  24264
40  5  375  110  339  286  268  3.0818  2.0  2.4364  1.0  1.3112  1.3993  7  8  6  299  2.7182  1.2542  2459
40  5  317  100  348  507  322  3.48  5.0  3.22  0.0  0.6252  0.9845  7  8  6  309  3.09  1.0259  4362
40  5  375  110  339  286  268  3.0818  2.0  2.4364  1.0  1.3112  1.3993  7  8  6  318  2.8909  1.1792  4937
40  5  334  89  324  357  300  3.6404  4.0  3.3708  1.0  0.9356  1.1133  8  8  6  301  3.382  1.1096  2480
40  5  334  89  324  357  300  3.6404  4.0  3.3708  1.0  0.9356  1.1133  7  8  6  301  3.382  1.1096  5001
40  5  355  115  421  346  392  3.6609  3.0  3.4087  0.0  1.026  0.9056  7  8  6  379  3.2957  0.9367  15540
40  5  343  44  385  362  403  8.75  8.0  9.1591  0.0  0.9475  0.8511  9  9  6  385  8.75  0.8909  11270
40  5  381  87  338  321  332  3.8851  3.0  3.8161  1.0  1.1869  1.1476  7  8  6  338  3.8851  1.1272  10230
40  5  318  53  283  261  260  5.3396  4.0  4.9057  1.0  1.2184  1.2231  9  9  6  229  4.3208  1.3886  33087
40  5  323  69  282  352  293  4.087  5.0  4.2464  1.0  0.9176  1.1024  8  8  6  282  4.087  1.1454  1086
40  5  328  54  312  287  254  5.7778  5.0  4.7037  1.0  1.1429  1.2913  7  8  6  312  5.7778  1.0513  983
40  5  395  67  415  405  378  6.194  6.0  5.6418  0.0  0.9753  1.045  9  8  6  403  6.0149  0.9801  4866
40  5  377  59  242  222  230  4.1017  3.0  3.8983  1.0  1.6982  1.6391  8  8  6  193  3.2712  1.9534  7146
40  5  334  65  361  248  362  5.5538  3.0  5.5692  0.0  1.3468  0.9227  7  8  6  275  4.2308  1.2145  934
40  6  399  87  465  452  455  5.3448  5.0  5.2299  0.0  0.8827  0.8769  8  8  6  456  5.2414  0.875  6997
40  6  436  135  384  358  307  2.8444  2.0  2.2741  1.0  1.2179  1.4202  7  8  6  320  2.3704  1.3625  11718
40  6  431  121  459  308  433  3.7934  2.0  3.5785  0.0  1.3994  0.9954  8  8  7  320  2.6446  1.3469  15918
40  6  456  136  528  550  541  3.8824  4.0  3.9779  0.0  0.8291  0.8429  8  8  7  452  3.3235  1.0088  4884
40  6  418  76  493  410  503  6.4868  5.0  6.6184  0.0  1.0195  0.831  9  9  7  465  6.1184  0.8989  14328
40  6  454  131  654  394  534  4.9924  3.0  4.0763  0.0  1.1523  0.8502  8  8  6  502  3.8321  0.9044  14720
40  6  452  131  357  346  448  2.7252  2.0  3.4198  1.0  1.3064  1.0089  6  8  6  337  2.5725  1.3412  6447
40  6  497  134  549  568  468  4.097  4.0  3.4925  0.0  0.875  1.062  7  8  7  504  3.7612  0.9861  5791
40  6  533  65  460  431  411  7.0769  6.0  6.3231  1.0  1.2367  1.2968  10  9  7  389  5.9846  1.3702  41117
40  6  439  130  477  514  411  3.6692  3.0  3.1615  0.0  0.8541  1.0681  7  8  6  302  2.3231  1.4536  29841
40  6  386  27  389  427  430  14.4074  15.0  15.9259  0.0  0.904  0.8977  9  9  7  315  11.6667  1.2254  23074
40  6  452  89  519  506  504  5.8315  5.0  5.6629  0.0  0.8933  0.8968  8  8  7  448  5.0337  1.0089  7116
40  6  426  76  294  252  247  3.8684  3.0  3.25  1.0  1.6905  1.7247  6  8  6  212  2.7895  2.0094  28552
40  6  477  74  520  424  370  7.027  5.0  5.0  0.0  1.125  1.2892  9  9  7  343  4.6351  1.3907  37629
40  6  472  79  330  309  332  4.1772  3.0  4.2025  1.0  1.5275  1.4217  9  9  7  288  3.6456  1.6389  102842
40  7  499  72  500  624  526  6.9444  8.0  7.3056  0.0  0.7997  0.9487  9  9  7  500  6.9444  0.998  1119
40  7  591  78  574  559  550  7.359  7.0  7.0513  1.0  1.0572  1.0745  9  9  7  431  5.5256  1.3712  4428
40  7  637  92  625  477  617  6.7935  5.0  6.7065  1.0  1.3354  1.0324  10  9  7  403  4.3804  1.5806  1679
40  7  555  108  536  373  568  4.963  3.0  5.2593  1.0  1.4879  0.9771  9  9  7  500  4.6296  1.11  8773
40  7  555  108  536  373  568  4.963  3.0  5.2593  1.0  1.4879  0.9771  9  9  7  471  4.3611  1.1783  8768
40  7  431  83  479  313  306  5.7711  3.0  3.6867  0.0  1.377  1.4085  7  8  7  302  3.6386  1.4272  22471
40  7  592  122  683  558  640  5.5984  4.0  5.2459  0.0  1.0609  0.925  9  9  7  514  4.2131  1.1518  20900
40  7  515  91  494  535  512  5.4286  5.0  5.6264  1.0  0.9626  1.0059  9  9  7  333  3.6593  1.5465  4705
40  7  527  149  659  559  679  4.4228  3.0  4.557  0.0  0.9428  0.7761  8  8  7  563  3.7785  0.9361  21371
40  7  558  102  487  430  479  4.7745  4.0  4.6961  1.0  1.2977  1.1649  8  8  7  372  3.6471  1.5  44204
40  7  519  95  538  535  642  5.6632  5.0  6.7579  0.0  0.9701  0.8084  10  9  8  538  5.6632  0.9647  5324
40  7  504  79  488  496  564  6.1772  6.0  7.1392  1.0  1.0161  0.8936  9  9  7  408  5.1646  1.2353  9179
40  7  487  153  633  721  640  4.1373  4.0  4.183  0.0  0.6755  0.7609  9  8  8  512  3.3464  0.9512  27749
40  7  513  83  573  505  501  6.9036  6.0  6.0361  0.0  1.0158  1.024  8  9  7  475  5.7229  1.08  47579
40  7  563  99  494  490  499  4.9899  4.0  5.0404  1.0  1.149  1.1283  8  9  7  419  4.2323  1.3437  4795
40  7  563  99  494  490  499  4.9899  4.0  5.0404  1.0  1.149  1.1283  8  9  7  465  4.697  1.2108  4103
40  7  501  115  578  568  548  5.0261  4.0  4.7652  0.0  0.882  0.9142  9  9  8  578  5.0261  0.8668  1938
