18  23  21  20
8  8  11  11
4  5  5  5
14  14  15  14
3  2  2  3
19  16  20  16
20  20  20  17
14  13  12  13
9  9  12  9
6  6  5  6
3  2  3  3
11  10  10  12
20  22  23  20
13  13  11  10
7  6  6  6
14  14  12  13
19  21  22  21
14  13  15  16
2  3  3  2
19  17  21  18
20  21  20  23
7  7  8  8
3  3  4  3
7  7  6  7
9  10  9  10
12  11  12  10
11  9  12  10
12  14  14  15
7  8  8  7
11  9  10  11
7  6  7  7
3  4  3  3
6  7  7  6
14  14  14  13
11  11  9  10
21  23  20  18
20  18  20  22
1  1  1  1
1  1  2  2
12  14  15  13
