11  10  10  10
5  5  4  5
18  18  18  18
3  4  3  4
12  11  12  12
7  6  7  6
18  17  17  17
13  14  13  14
18  19  18  19
3  3  3  3
12  12  12  12
19  20  19  20
18  17  18  18
1  2  2  2
13  14  14  13
9  8  9  8
18  18  19  19
11  11  10  11
5  4  5  4
9  10  9  10
17  18  17  17
10  11  10  11
3  4  3  4
6  7  6  7
12  12  12  12
8  7  8  7
3  4  3  4
12  11  11  12
13  12  12  13
14  13  14  14
20  20  19  19
14  14  15  14
12  12  11  12
2  2  2  2
20  20  19  19
16  16  15  15
2  2  2  1
1  2  2  1
19  19  18  19
4  5  4  4
