1  2  29
1  3  58
1  4  82
1  5  124
1  6  177
2  8  152
2  9  3
2  10  100
2  7  87
3  11  181
3  12  104
3  13  32
3  14  101
3  15  100
4  16  73
4  17  129
4  18  58
4  19  33
5  20  109
5  21  35
5  22  30
6  24  37
6  25  163
6  23  102
7  26  160
8  27  82
9  27  105
10  28  84
11  29  81
12  30  85
13  31  19
14  32  17
15  32  69
16  33  172
17  33  162
18  33  51
19  34  40
20  35  26
21  36  197
22  37  169
23  38  190
24  38  35
25  39  35
26  40  175
27  40  162
28  40  125
29  40  95
30  40  129
31  40  72
32  40  60
33  40  119
34  40  98
35  40  75
36  40  180
37  40  137
38  40  184
39  40  52
