2  1  2  1
12  8  8  13
6  4  4  4
10  19  16  11
12  18  9  13
19  21  16  27
17  11  12  21
5  5  10  5
10  5  5  6
3  6  5  5
2  3  3  3
4  6  6  8
6  5  5  4
11  15  17  15
4  6  6  6
17  24  16  12
20  19  13  17
19  20  15  18
7  4  4  6
19  17  18  19
4  5  2  4
3  3  2  2
20  19  13  9
6  9  5  10
19  17  13  21
24  24  21  22
4  6  7  4
2  1  2  2
16  12  11  19
14  15  16  15
7  7  5  7
14  21  13  22
7  11  12  10
5  4  4  2
20  22  15  10
8  12  14  10
5  5  7  5
15  15  16  14
16  19  13  20
15  25  25  24
