10  12  12  12
19  15  17  19
17  22  17  20
4  5  4  4
7  9  9  8
8  9  9  8
8  9  11  10
7  9  8  8
13  11  12  12
11  11  12  11
16  18  15  17
5  5  5  5
19  18  17  19
16  13  14  15
3  3  3  3
4  4  4  4
8  8  7  7
13  14  16  16
17  18  16  19
5  6  6  5
10  13  13  11
6  5  6  5
6  6  5  6
7  6  7  6
18  16  14  14
3  2  3  2
13  14  13  12
17  15  15  15
7  8  8  8
9  12  10  10
20  22  18  19
15  14  16  16
4  4  5  4
14  15  14  15
11  11  13  11
2  1  2  2
16  16  18  14
3  4  3  4
14  11  13  12
2  1  1  1
