3  2  2  2
1  1  1  2
20  19  21  18
14  17  17  14
12  9  10  12
15  15  15  13
8  9  7  8
4  4  4  4
14  13  14  13
18  17  15  16
6  5  5  6
19  19  19  20
9  9  8  8
14  13  11  14
4  4  5  4
9  9  12  11
17  19  21  19
4  4  4  5
6  5  5  5
19  22  21  18
3  3  3  2
3  4  3  3
6  6  5  6
6  7  7  6
8  11  10  9
13  13  12  13
8  7  9  9
18  22  20  20
8  8  8  9
4  4  5  4
7  6  7  6
16  17  15  17
12  14  14  13
18  21  20  21
14  14  16  14
9  9  8  9
19  21  17  17
14  12  14  14
13  14  14  14
15  13  13  16
