6  8  7  6
10  10  10  10
11  16  10  15
7  9  7  7
15  13  18  16
15  20  21  23
8  9  10  10
1  1  2  1
8  6  10  7
16  22  18  22
3  4  4  3
10  7  9  8
1  2  1  1
10  13  14  9
1  1  2  1
18  16  18  15
20  18  17  18
10  10  13  14
13  14  14  16
3  3  4  3
16  25  23  21
16  15  18  18
9  10  13  9
7  4  4  4
18  22  16  16
4  3  4  4
8  9  10  8
14  12  11  11
2  2  2  1
17  24  16  16
10  6  9  9
9  7  8  8
13  12  9  12
1  2  1  1
15  10  13  10
4  4  4  3
17  15  16  15
3  5  3  3
25  21  19  25
9  9  9  7
