1  2  66
1  3  80
2  4  36
3  5  150
4  6  184
5  7  129
6  8  46
7  9  137
8  10  172
9  11  198
9  12  92
9  13  33
10  16  150
10  17  58
10  14  63
10  15  13
11  18  57
11  19  33
12  20  137
12  21  88
12  22  25
13  24  100
13  25  131
13  23  150
14  26  55
15  26  110
16  26  34
17  26  18
18  27  89
19  27  138
20  27  91
21  27  87
22  28  32
23  28  27
24  28  183
25  28  66
26  29  53
26  30  30
27  31  69
28  32  199
29  33  11
30  34  145
31  34  175
32  35  149
33  36  181
34  36  126
35  37  54
36  38  104
37  39  33
38  40  90
39  40  51
