5  4  4  5
4  4  3  4
8  7  8  7
18  15  15  15
21  21  20  19
17  16  17  15
21  16  16  17
18  16  18  15
10  10  8  9
13  10  12  11
14  13  14  13
17  18  15  18
13  15  12  14
20  21  21  21
15  15  13  13
17  18  17  14
6  6  6  5
6  6  6  6
16  15  14  15
14  18  17  14
13  10  11  11
13  13  12  11
21  21  18  18
16  15  15  16
14  11  13  14
3  2  2  3
13  11  13  12
8  7  9  7
8  9  11  9
6  6  6  6
16  14  13  15
6  5  6  6
8  7  8  7
6  7  6  7
14  11  11  12
4  5  5  5
20  18  22  20
3  4  3  4
6  7  6  6
2  2  2  2
