5  6  6  6
14  11  13  14
12  14  14  15
8  8  8  7
8  7  7  7
9  8  8  11
20  16  20  18
6  6  7  7
21  21  21  18
17  15  14  14
15  13  15  16
12  11  11  10
1  2  2  2
3  2  3  3
4  3  4  4
2  2  3  3
11  13  14  14
16  18  18  17
13  11  13  11
9  7  8  7
11  12  12  10
21  19  21  20
3  2  3  3
17  16  15  15
13  14  16  13
6  6  6  6
1  2  1  1
18  19  15  15
7  7  7  7
13  13  11  11
12  12  11  11
5  4  4  5
9  7  8  9
2  2  2  2
2  2  2  2
9  8  9  9
10  10  11  11
11  11  12  14
8  8  8  7
22  21  21  19
