1  2  38
1  3  94
1  4  64
1  5  83
1  6  66
2  7  96
3  8  30
4  8  25
5  9  73
6  9  2
7  10  94
7  11  2
8  12  48
8  13  28
9  14  12
10  15  25
11  16  33
12  17  47
13  18  31
14  18  82
15  19  73
15  20  25
16  21  93
17  22  69
17  23  62
18  24  30
18  25  31
19  26  94
20  26  13
21  26  82
22  26  48
23  27  71
24  27  40
25  27  86
26  28  63
26  29  37
27  30  71
28  32  89
28  31  56
29  33  62
29  34  51
29  35  84
30  36  58
31  37  6
32  38  64
33  39  59
34  39  18
35  39  71
36  39  38
37  40  65
38  40  61
39  40  35
