1  2  106
1  3  151
1  4  176
1  5  37
1  6  126
2  8  108
2  9  149
2  10  41
2  11  121
2  7  110
3  12  162
3  13  177
3  14  47
3  15  151
4  16  72
4  17  70
4  18  161
4  19  159
5  24  158
5  20  115
5  21  191
5  22  97
5  23  77
6  25  28
6  26  124
6  27  7
6  28  127
6  29  96
7  30  159
8  31  199
9  31  155
10  31  93
11  32  144
12  32  116
13  33  177
14  34  87
15  34  123
16  35  182
17  35  92
18  35  169
19  35  61
20  35  112
21  35  169
22  36  130
23  36  115
24  37  118
25  37  195
26  38  135
27  38  60
28  39  164
29  39  71
30  40  69
31  40  86
32  40  175
33  40  60
34  40  46
35  40  143
36  40  64
37  40  65
38  40  62
39  40  191
