1  2  55
1  3  195
1  4  128
1  5  73
1  6  104
2  7  158
3  8  20
4  9  158
5  10  35
6  11  94
6  12  102
7  13  29
7  14  45
8  16  89
8  15  107
9  17  125
9  18  128
9  19  33
9  20  116
10  24  47
10  25  150
10  21  167
10  22  16
10  23  14
11  26  108
11  27  185
11  28  103
11  29  8
12  30  9
12  31  101
13  32  87
14  32  37
15  32  148
16  33  41
17  33  165
18  34  8
19  34  11
20  35  98
21  35  23
22  36  193
23  36  151
24  36  179
25  37  137
26  37  195
27  38  198
28  38  120
29  39  160
30  39  150
31  39  99
32  40  17
33  40  9
34  40  156
35  40  120
36  40  84
37  40  9
38  40  185
39  40  43
