40  4  1  2.8947  1.5212  73
40  6  1  4.4713  1.0257  102
40  7  1  5.4028  1.2828  77
40  5  5  3.6897  1.514  71
40  7  7  7.2821  1.0405  265
40  3  13  5.4068  1.373  102
40  6  10  2.4963  1.2938  119
40  4  12  2.7559  1.1657  140
40  5  11  4.7963  1.2008  90
40  6  11  3.3471  1.0642  181
40  4  13  14.44  1.1773  307
40  3  15  2.8531  1.0  106
40  6  14  3.2857  1.4448  77
40  7  14  2.8235  1.2639  161
40  3  20  3.5417  1.4314  225
40  6  19  2.2574  1.4853  121
40  3  23  4.5769  1.2857  70
40  5  20  2.5938  1.5422  113
40  3  25  2.7865  0.998  378
40  4  23  2.7634  1.6265  134
40  7  21  2.4671  1.312  144
40  5  22  3.8312  1.0  80
40  6  22  5.9211  0.9289  140
40  5  24  2.1185  1.2937  134
40  3  29  4.3827  1.3352  251
40  3  30  5.2222  1.0665  118
40  3  32  5.3434  0.9565  77
40  4  30  5.1875  1.2229  128
40  3  34  2.8689  1.0533  132
40  4  33  7.0233  1.202  85
40  6  33  3.4275  1.0111  88
40  7  33  6.4674  1.0706  183
40  3  39  5.1294  1.1124  144
40  7  36  3.9195  0.9726  152
40  7  37  3.787  1.357  161
40  5  41  3.3196  0.9876  149
40  5  42  2.9783  1.2445  85
40  3  48  4.6563  1.0246  146
40  5  44  4.2273  1.1147  156
40  3  50  3.9886  1.4017  154
40  7  43  5.4578  0.9514  90
40  4  47  2.2348  1.3797  182
40  3  53  3.391  0.9823  373
40  4  50  5.8727  1.3313  287
40  7  47  4.1066  1.1816  210
40  5  49  3.18  0.9969  156
40  5  50  2.7273  1.25  90
40  3  56  3.9574  1.2473  148
40  3  62  3.0962  1.4503  152
40  5  57  1.9925  1.2622  135
40  3  65  2.8467  1.3372  157
40  3  66  2.6964  1.6887  135
40  4  64  2.7778  1.736  135
40  6  61  2.4733  1.3951  154
40  7  61  3.989  1.4187  103
40  5  64  3.2584  1.1517  162
40  4  67  4.5079  1.7148  165
40  6  64  2.9478  1.2582  158
40  5  65  3.2321  0.9972  178
40  4  68  2.1172  1.4391  144
40  7  63  3.7517  0.9428  100
40  7  64  4.4118  1.24  178
40  5  67  3.4435  0.8965  97
40  4  71  2.3932  1.4393  156
40  5  69  7.2727  1.0719  179
40  7  67  5.1313  1.0039  175
40  6  69  6.0308  1.3597  179
40  4  74  3.2718  1.3234  96
40  6  71  3.5615  0.9482  100
40  5  72  3.6897  1.1869  98
40  5  73  4.6604  1.2874  101
40  3  81  5.6364  1.0  96
40  7  71  5.0526  1.0813  108
40  4  77  3.5868  0.9954  165
40  6  74  4.9383  1.06  265
40  3  83  3.3697  1.0274  335
40  7  73  4.557  1.4  150
40  4  81  4.4623  0.9323  178
40  7  76  3.2745  0.9721  219
40  4  82  12.2308  1.2673  186
40  5  79  3.6232  1.292  182
40  7  78  5.7349  1.0777  197
40  6  80  13.963  1.0239  109
40  6  82  4.0674  1.2486  111
40  3  92  3.3089  0.9754  211
40  7  82  2.852  0.9893  274
40  6  84  4.7429  1.25  192
40  5  88  4.2963  1.4138  111
40  4  92  5.1316  0.9974  190
40  3  98  5.4744  1.0  102
40  5  90  5.3284  1.1064  115
40  3  99  4.0394  1.0273  174
40  7  88  4.5354  1.2539  190
40  5  91  3.8814  1.6463  206
40  6  92  6.5676  0.9815  191
40  5  94  4.3077  1.1929  204
40  6  94  4.0  1.4937  122
40  7  93  4.7565  0.9159  258
40  4  100  2.5267  1.3353  232
40  5  99  5.2  1.6111  126
