40  3  438  59  434  464  434  7.3559  7.8644  7.3559  1.0092  0.944  1.0092  10  20  30
40  3  408  143  409  572  359  2.8601  4.0  2.5105  0.9976  0.7133  1.1365  10  10  20
40  3  365  72  265  218  278  3.6806  3.0278  3.8611  1.3774  1.6743  1.3129  10  30  20
40  3  495  178  610  579  609  3.427  3.2528  3.4213  0.8115  0.8549  0.8128  10  20  20
40  3  495  178  610  579  609  3.427  3.2528  3.4213  0.8115  0.8549  0.8128  20  20  20
40  3  401  72  440  425  402  6.1111  5.9028  5.5833  0.9114  0.9435  0.9975  20  20  20
40  3  506  99  555  614  469  5.6061  6.202  4.7374  0.9117  0.8241  1.0789  20  20  22
40  3  485  85  463  400  460  5.4471  4.7059  5.4118  1.0475  1.2125  1.0543  20  20  20
40  3  458  96  503  604  514  5.2396  6.2917  5.3542  0.9105  0.7583  0.8911  20  20  10
40  3  492  88  395  337  409  4.4886  3.8295  4.6477  1.2456  1.4599  1.2029  10  20  20
40  3  443  133  470  450  561  3.5338  3.3835  4.218  0.9426  0.9844  0.7897  10  10  20
40  3  464  94  388  345  359  4.1277  3.6702  3.8191  1.1959  1.3449  1.2925  10  10  20
40  3  467  104  357  266  315  3.4327  2.5577  3.0288  1.3081  1.7556  1.4825  10  20  10
40  3  571  150  600  435  559  4.0  2.9  3.7267  0.9517  1.3126  1.0215  10  10  20
40  3  571  150  600  435  559  4.0  2.9  3.7267  0.9517  1.3126  1.0215  10  10  20
40  3  496  88  509  480  490  5.7841  5.4545  5.5682  0.9745  1.0333  1.0122  10  20  10
40  3  412  119  434  363  475  3.6471  3.0504  3.9916  0.9493  1.135  0.8674  10  10  20
40  3  397  123  610  509  625  4.9593  4.1382  5.0813  0.6508  0.78  0.6352  10  20  20
40  3  427  78  476  436  460  6.1026  5.5897  5.8974  0.8971  0.9794  0.9283  10  20  20
40  3  527  127  526  527  628  4.1417  4.1496  4.9449  1.0019  1.0  0.8392  10  20  20
40  4  502  114  575  449  338  5.0439  3.9386  2.9649  0.873  1.118  1.4852  10  20  20
40  4  408  127  395  388  352  3.1102  3.0551  2.7717  1.0329  1.0515  1.1591  20  30  20
40  4  425  25  363  332  415  14.52  13.28  16.6  1.1708  1.2801  1.0241  10  30  20
40  4  418  93  276  283  227  2.9677  3.043  2.4409  1.5145  1.477  1.8414  10  10  30
40  4  406  64  395  407  438  6.1719  6.3594  6.8438  1.0278  0.9975  0.9269  20  20  30
40  4  363  43  351  385  368  8.1628  8.9535  8.5581  1.0342  0.9429  0.9864  20  20  20
40  4  407  132  394  552  292  2.9848  4.1818  2.2121  1.033  0.7373  1.3938  10  20  30
40  4  430  55  367  365  326  6.6727  6.6364  5.9273  1.1717  1.1781  1.319  10  20  32
40  4  390  128  282  243  317  2.2031  1.8984  2.4766  1.383  1.6049  1.2303  9  10  20
40  4  403  117  312  326  297  2.6667  2.7863  2.5385  1.2917  1.2362  1.3569  10  20  20
40  4  432  121  475  475  476  3.9256  3.9256  3.9339  0.9095  0.9095  0.9076  10  20  20
40  4  441  106  482  459  476  4.5472  4.3302  4.4906  0.9149  0.9608  0.9265  10  20  20
40  4  389  76  438  353  421  5.7632  4.6447  5.5395  0.8881  1.102  0.924  10  10  20
40  4  389  76  438  353  421  5.7632  4.6447  5.5395  0.8881  1.102  0.924  10  20  20
40  5  311  54  346  328  294  6.4074  6.0741  5.4444  0.8988  0.9482  1.0578  10  20  20
40  5  295  77  346  430  344  4.4935  5.5844  4.4675  0.8526  0.686  0.8576  20  10  30
40  5  295  77  346  430  344  4.4935  5.5844  4.4675  0.8526  0.686  0.8576  20  20  30
40  5  317  100  348  507  322  3.48  5.07  3.22  0.9109  0.6252  0.9845  20  28  20
40  5  375  110  339  286  267  3.0818  2.6  2.4273  1.1062  1.3112  1.4045  10  20  30
40  5  317  100  348  507  322  3.48  5.07  3.22  0.9109  0.6252  0.9845  10  20  20
40  5  375  110  339  286  267  3.0818  2.6  2.4273  1.1062  1.3112  1.4045  20  30  20
40  5  334  89  324  357  300  3.6404  4.0112  3.3708  1.0309  0.9356  1.1133  10  20  30
40  5  334  89  324  357  300  3.6404  4.0112  3.3708  1.0309  0.9356  1.1133  20  20  30
40  5  355  115  421  346  392  3.6609  3.0087  3.4087  0.8432  1.026  0.9056  20  20  30
40  5  343  44  385  362  403  8.75  8.2273  9.1591  0.8909  0.9475  0.8511  20  20  20
40  5  381  87  338  321  332  3.8851  3.6897  3.8161  1.1272  1.1869  1.1476  10  20  20
40  5  318  53  283  261  256  5.3396  4.9245  4.8302  1.1237  1.2184  1.2422  10  20  20
40  5  323  69  282  352  293  4.087  5.1014  4.2464  1.1454  0.9176  1.1024  10  20  20
40  5  328  54  312  287  279  5.7778  5.3148  5.1667  1.0513  1.1429  1.1756  10  20  20
40  5  395  67  415  405  378  6.194  6.0448  5.6418  0.9518  0.9753  1.045  10  20  20
40  5  377  59  242  222  227  4.1017  3.7627  3.8475  1.5579  1.6982  1.6608  20  20  20
40  5  334  65  361  248  362  5.5538  3.8154  5.5692  0.9252  1.3468  0.9227  10  20  20
40  6  399  87  465  452  455  5.3448  5.1954  5.2299  0.8581  0.8827  0.8769  20  20  20
40  6  436  135  384  358  307  2.8444  2.6519  2.2741  1.1354  1.2179  1.4202  10  20  20
40  6  431  121  459  308  433  3.7934  2.5455  3.5785  0.939  1.3994  0.9954  10  10  20
40  6  456  136  528  550  541  3.8824  4.0441  3.9779  0.8636  0.8291  0.8429  10  10  20
40  6  418  76  493  410  503  6.4868  5.3947  6.6184  0.8479  1.0195  0.831  20  10  30
40  6  454  131  654  394  534  4.9924  3.0076  4.0763  0.6942  1.1523  0.8502  10  20  20
40  6  452  131  357  346  448  2.7252  2.6412  3.4198  1.2661  1.3064  1.0089  10  10  20
40  6  497  134  549  568  468  4.097  4.2388  3.4925  0.9053  0.875  1.062  10  20  20
40  6  533  65  460  431  411  7.0769  6.6308  6.3231  1.1587  1.2367  1.2968  10  20  20
40  6  439  130  477  514  411  3.6692  3.9538  3.1615  0.9203  0.8541  1.0681  20  20  20
40  6  386  27  389  427  430  14.4074  15.8148  15.9259  0.9923  0.904  0.8977  10  15  20
40  6  452  89  519  506  504  5.8315  5.6854  5.6629  0.8709  0.8933  0.8968  20  20  20
40  6  426  76  294  252  283  3.8684  3.3158  3.7237  1.449  1.6905  1.5053  20  20  20
40  6  477  74  520  424  355  7.027  5.7297  4.7973  0.9173  1.125  1.3437  10  20  20
40  6  472  79  330  309  332  4.1772  3.9114  4.2025  1.4303  1.5275  1.4217  20  20  20
40  7  499  72  500  624  526  6.9444  8.6667  7.3056  0.998  0.7997  0.9487  20  30  40
40  7  591  78  574  559  579  7.359  7.1667  7.4231  1.0296  1.0572  1.0207  20  30  40
40  7  637  92  625  477  617  6.7935  5.1848  6.7065  1.0192  1.3354  1.0324  30  30  30
40  7  555  108  536  373  568  4.963  3.4537  5.2593  1.0354  1.4879  0.9771  20  20  40
40  7  555  108  536  373  568  4.963  3.4537  5.2593  1.0354  1.4879  0.9771  20  20  40
40  7  431  83  479  313  314  5.7711  3.7711  3.7831  0.8998  1.377  1.3726  20  20  30
40  7  592  122  683  558  664  5.5984  4.5738  5.4426  0.8668  1.0609  0.8916  20  20  30
40  7  515  91  494  535  512  5.4286  5.8791  5.6264  1.0425  0.9626  1.0059  20  20  30
40  7  527  149  659  559  679  4.4228  3.7517  4.557  0.7997  0.9428  0.7761  20  20  20
40  7  558  102  487  430  479  4.7745  4.2157  4.6961  1.1458  1.2977  1.1649  20  10  30
40  7  519  95  538  535  642  5.6632  5.6316  6.7579  0.9647  0.9701  0.8084  20  25  17
40  7  504  79  488  496  548  6.1772  6.2785  6.9367  1.0328  1.0161  0.9197  10  20  20
40  7  487  153  633  721  566  4.1373  4.7124  3.6993  0.7694  0.6755  0.8604  20  20  30
40  7  513  83  573  505  501  6.9036  6.0843  6.0361  0.8953  1.0158  1.024  10  20  20
40  7  563  99  494  490  489  4.9899  4.9495  4.9394  1.1397  1.149  1.1513  20  20  20
40  7  563  99  494  490  489  4.9899  4.9495  4.9394  1.1397  1.149  1.1513  20  20  20
40  7  501  115  578  568  548  5.0261  4.9391  4.7652  0.8668  0.882  0.9142  20  10  30
