60  3  733  196  763  794  667  3.8929  4.0  3.4031  0.9607  0.9232  1.099  35  15  9  617  3.148  1.188  163781
60  3  654  141  580  494  482  4.1135  3.0  3.4184  1.1276  1.3239  1.3568  24  15  9  459  3.2553  1.4248  6147
60  3  603  141  723  540  606  5.1277  3.0  4.2979  0.834  1.1167  0.995  30  15  9  551  3.9078  1.0944  94640
60  3  776  132  632  502  633  4.7879  3.0  4.7955  1.2278  1.5458  1.2259  20  14  8  565  4.2803  1.3735  16566
60  3  673  99  483  551  476  4.8788  5.0  4.8081  1.3934  1.2214  1.4139  13  14  9  476  4.8081  1.4139  48553
60  3  745  156  789  781  855  5.0577  5.0  5.4808  0.9442  0.9539  0.8713  34  15  13  725  4.6474  1.0276  10700
60  3  671  123  758  854  543  6.1626  6.0  4.4146  0.8852  0.7857  1.2357  36  14  9  650  5.2846  1.0323  122265
60  3  693  181  843  590  641  4.6575  3.0  3.5414  0.8221  1.1746  1.0811  39  18  9  843  4.6575  0.8221  25504
60  3  785  229  803  870  940  3.5066  3.0  4.1048  0.9776  0.9023  0.8351  15  15  9  676  2.952  1.1612  15999
60  3  687  61  559  649  569  9.1639  10.0  9.3279  1.229  1.0586  1.2074  305  15  9  490  8.0328  1.402  19564
60  3  653  94  511  554  531  5.4362  5.0  5.6489  1.2779  1.1787  1.2298  15  17  9  511  5.4362  1.2779  2390
60  3  671  86  460  411  481  5.3488  4.0  5.593  1.4587  1.6326  1.395  11  17  11  460  5.3488  1.4587  39161
60  3  728  176  760  662  706  4.3182  3.0  4.0114  0.9579  1.0997  1.0312  15  16  9  677  3.8466  1.0753  30411
60  3  696  68  490  465  545  7.2059  6.0  8.0147  1.4204  1.4968  1.2771  13  15  9  396  5.8235  1.7576  41524
60  4  1004  147  767  777  807  5.2177  5.0  5.4898  1.309  1.2921  1.2441  11  15  10  767  5.2177  1.309  25598
60  4  1040  238  1164  927  830  4.8908  3.0  3.4874  0.8935  1.1219  1.253  13  15  10  830  3.4874  1.253  19396
60  4  1040  238  1164  927  830  4.8908  3.0  3.4874  0.8935  1.1219  1.253  13  15  10  893  3.7521  1.1646  208251
60  4  1004  147  767  777  807  5.2177  5.0  5.4898  1.309  1.2921  1.2441  12  15  9  767  5.2177  1.309  3675
60  4  971  104  779  650  718  7.4904  6.0  6.9038  1.2465  1.4938  1.3524  13  23  11  772  7.4231  1.2578  60735
60  4  971  104  779  650  718  7.4904  6.0  6.9038  1.2465  1.4938  1.3524  13  15  10  660  6.3462  1.4712  26502
60  4  1035  232  769  976  821  3.3147  4.0  3.5388  1.3459  1.0605  1.2607  16  15  10  662  2.8534  1.5634  20678
60  5  1079  276  1188  953  1186  4.3043  3.0  4.2971  0.9082  1.1322  0.9098  31  15  11  1056  3.8261  1.0218  39081
60  5  1292  284  1169  1177  930  4.1162  4.0  3.2746  1.1052  1.0977  1.3892  27  15  11  906  3.1901  1.426  14281
60  5  1203  123  854  958  955  6.9431  7.0  7.7642  1.4087  1.2557  1.2597  16  16  11  682  5.5447  1.7639  104656
60  5  1172  128  1008  935  1018  7.875  7.0  7.9531  1.1627  1.2535  1.1513  29  16  11  768  6.0  1.526  156336
60  5  1140  66  935  902  1063  14.1667  13.0  16.1061  1.2193  1.2639  1.0724  33  16  11  895  13.5606  1.2737  62446
60  6  634  64  504  427  606  7.875  6.0  9.4688  1.2579  1.4848  1.0462  30  17  13  504  7.875  1.2579  26898
60  6  576  53  485  456  499  9.1509  8.0  9.4151  1.1876  1.2632  1.1543  17  17  12  402  7.5849  1.4328  5332
60  7  922  201  938  973  888  4.6667  4.0  4.4179  0.9829  0.9476  1.0383  27  17  16  761  3.7861  1.2116  12597
60  7  791  91  600  569  546  6.5934  6.0  6.0  1.3183  1.3902  1.4487  17  17  13  432  4.7473  1.831  22946
60  7  897  241  816  1082  719  3.3859  4.0  2.9834  1.0993  0.829  1.2476  15  17  12  816  3.3859  1.0993  42542
60  7  990  98  668  564  579  6.8163  5.0  5.9082  1.482  1.7553  1.7098  16  20  16  567  5.7857  1.746  18710
60  7  822  179  880  815  693  4.9162  4.0  3.8715  0.9341  1.0086  1.1861  19  17  13  674  3.7654  1.2196  95944
