9  11  8  11
7  9  10  10
13  11  8  13
7  8  6  5
13  14  16  15
11  11  9  14
2  2  3  3
9  11  11  14
15  16  18  18
4  4  7  7
7  8  9  6
9  12  9  10
2  2  3  3
23  15  16  16
6  6  8  9
16  19  13  17
5  7  7  7
18  15  15  22
3  4  4  5
3  3  4  3
4  6  4  4
3  5  4  5
17  15  18  17
8  5  8  5
9  6  7  7
14  13  12  10
5  7  7  6
16  22  18  20
15  17  16  15
5  4  4  3
15  12  10  15
5  4  5  6
14  18  15  14
2  1  1  2
19  23  18  17
12  14  12  13
22  14  13  15
4  3  4  4
18  14  21  16
9  12  11  10
8  9  7  6
13  13  10  11
12  11  10  13
2  1  2  2
17  13  15  22
19  22  15  22
21  17  15  19
3  2  2  3
11  11  11  12
4  7  6  6
17  13  17  15
8  13  11  12
8  11  11  13
4  4  3  3
3  3  4  4
5  4  3  5
8  9  9  8
10  11  12  10
5  6  5  7
15  12  10  13
10  8  10  10
2  3  2  2
12  14  13  12
13  11  9  13
6  4  6  6
13  13  10  11
8  10  13  11
7  4  7  7
7  8  9  12
10  7  11  9
5  5  3  5
17  17  17  14
1  2  1  2
17  18  15  12
3  3  4  3
5  5  6  4
2  2  2  1
16  16  15  12
17  14  13  15
4  3  3  3
9  14  15  9
14  15  11  13
16  15  13  12
7  8  7  7
5  5  5  4
11  11  10  13
3  3  3  2
14  9  11  9
2  2  1  1
3  3  3  3
3  3  2  2
6  6  8  8
4  3  3  5
15  20  15  22
8  9  9  9
12  13  13  11
6  8  6  6
9  14  13  12
11  8  12  10
10  12  11  12
