60  3  733  196  763  794  667  3.8929  4.051  3.4031  0.9607  0.9232  1.099  20  30  40
60  3  654  141  580  494  497  4.1135  3.5035  3.5248  1.1276  1.3239  1.3159  10  50  40
60  3  603  141  723  540  606  5.1277  3.8298  4.2979  0.834  1.1167  0.995  30  30  40
60  3  776  132  632  502  637  4.7879  3.803  4.8258  1.2278  1.5458  1.2182  30  30  50
60  3  673  99  483  551  499  4.8788  5.5657  5.0404  1.3934  1.2214  1.3487  20  40  50
60  3  745  156  789  781  855  5.0577  5.0064  5.4808  0.9442  0.9539  0.8713  30  40  50
60  3  671  123  758  854  543  6.1626  6.9431  4.4146  0.8852  0.7857  1.2357  20  31  30
60  3  693  181  843  590  641  4.6575  3.2597  3.5414  0.8221  1.1746  1.0811  20  30  40
60  3  785  229  803  870  940  3.5066  3.7991  4.1048  0.9776  0.9023  0.8351  20  40  30
60  3  687  61  559  649  569  9.1639  10.6393  9.3279  1.229  1.0586  1.2074  30  40  30
60  3  653  94  511  554  555  5.4362  5.8936  5.9043  1.2779  1.1787  1.1766  30  30  30
60  3  671  86  460  411  491  5.3488  4.7791  5.7093  1.4587  1.6326  1.3666  20  30  30
60  3  728  176  760  662  706  4.3182  3.7614  4.0114  0.9579  1.0997  1.0312  20  30  40
60  3  696  68  490  465  555  7.2059  6.8382  8.1618  1.4204  1.4968  1.2541  20  40  30
60  4  1004  147  767  777  807  5.2177  5.2857  5.4898  1.309  1.2921  1.2441  20  30  40
60  4  1040  238  1164  927  830  4.8908  3.895  3.4874  0.8935  1.1219  1.253  30  50  40
60  4  1040  238  1164  927  830  4.8908  3.895  3.4874  0.8935  1.1219  1.253  20  40  50
60  4  1004  147  767  777  807  5.2177  5.2857  5.4898  1.309  1.2921  1.2441  30  40  40
60  4  971  104  779  650  718  7.4904  6.25  6.9038  1.2465  1.4938  1.3524  30  53  50
60  4  971  104  779  650  718  7.4904  6.25  6.9038  1.2465  1.4938  1.3524  40  40  40
60  4  1035  232  769  976  793  3.3147  4.2069  3.4181  1.3459  1.0605  1.3052  20  30  40
60  5  1079  276  1188  953  1186  4.3043  3.4529  4.2971  0.9082  1.1322  0.9098  30  40  40
60  5  1292  284  1169  1177  930  4.1162  4.1444  3.2746  1.1052  1.0977  1.3892  30  40  50
60  5  1203  123  854  958  945  6.9431  7.7886  7.6829  1.4087  1.2557  1.273  30  60  50
60  5  1172  128  1008  935  1018  7.875  7.3047  7.9531  1.1627  1.2535  1.1513  40  40  50
60  5  1140  66  935  902  1063  14.1667  13.6667  16.1061  1.2193  1.2639  1.0724  40  50  50
60  6  634  64  504  427  606  7.875  6.6719  9.4688  1.2579  1.4848  1.0462  40  40  70
60  6  576  53  485  456  499  9.1509  8.6038  9.4151  1.1876  1.2632  1.1543  40  44  50
60  7  922  201  938  973  888  4.6667  4.8408  4.4179  0.9829  0.9476  1.0383  30  50  60
60  7  791  91  600  569  538  6.5934  6.2527  5.9121  1.3183  1.3902  1.4703  30  50  60
60  7  897  241  816  1082  680  3.3859  4.4896  2.8216  1.0993  0.829  1.3191  40  50  70
60  7  990  98  668  564  579  6.8163  5.7551  5.9082  1.482  1.7553  1.7098  50  50  50
60  7  822  179  880  815  693  4.9162  4.5531  3.8715  0.9341  1.0086  1.1861  50  40  40
