1  2  340
1  3  357
1  4  125
1  5  99
1  6  187
2  8  298
2  9  376
2  10  123
2  7  186
3  11  382
4  12  79
4  13  211
4  14  382
5  16  370
5  17  349
5  15  215
6  18  292
6  19  217
6  20  281
6  21  373
7  22  100
8  23  393
9  24  204
10  25  313
11  26  50
12  27  347
13  28  178
14  29  120
15  30  9
16  31  108
17  32  122
18  33  264
19  34  232
20  35  288
21  36  266
22  37  32
23  38  35
24  39  172
25  39  283
26  40  341
27  40  174
28  41  49
29  41  114
30  41  333
31  42  360
32  42  264
33  42  392
34  43  360
35  44  382
36  45  224
37  46  45
38  48  354
38  47  75
39  49  24
40  50  190
40  51  196
40  52  323
41  53  334
42  54  209
43  56  189
43  55  222
44  57  106
45  58  299
45  59  316
46  60  237
47  60  152
48  60  302
49  60  240
50  60  325
51  60  133
52  60  212
53  60  113
54  60  304
55  60  178
56  60  76
57  60  364
58  60  232
59  60  72
