4  3  3  3  5
4  5  4  2  3
6  9  6  9  8
6  5  8  8  9
34  29  31  21  46
53  41  47  19  20
25  18  28  28  35
16  20  28  39  37
15  12  11  12  8
30  27  40  28  47
33  35  45  45  21
7  5  7  8  5
31  23  24  15  29
52  19  22  41  35
18  35  39  14  18
8  5  9  4  4
15  26  27  30  21
51  29  37  39  45
9  13  13  12  11
41  16  40  32  19
6  4  7  5  10
5  9  6  10  9
7  3  5  8  3
25  46  33  40  50
24  32  40  38  35
12  36  26  15  17
14  14  11  12  22
24  18  21  12  32
28  22  40  42  33
2  2  2  2  1
15  11  10  14  12
11  17  17  6  10
9  6  7  9  5
28  27  27  24  17
54  45  35  31  22
17  14  9  11  8
9  14  8  14  20
30  39  27  30  26
15  34  37  17  36
44  31  22  28  41
43  21  46  49  46
23  34  24  27  26
45  19  16  20  37
17  15  33  20  16
3  4  3  2  3
6  15  6  11  6
19  22  16  12  25
35  22  24  30  27
27  36  33  39  53
7  15  15  15  12
11  7  5  10  8
14  18  11  8  8
15  11  12  8  8
40  39  16  25  17
8  8  4  7  6
21  11  25  19  23
2  3  1  2  2
18  17  35  17  17
41  21  27  19  30
8  15  22  23  22
