1  2  369
1  3  161
1  4  331
1  5  124
1  6  242
2  7  117
3  8  200
4  8  212
5  9  16
6  10  217
7  11  115
8  12  188
9  13  283
10  14  389
11  15  239
12  16  156
13  17  349
14  18  63
15  19  214
16  20  250
17  20  38
18  21  71
19  22  184
20  23  173
21  24  230
21  25  333
22  26  168
22  27  277
22  28  337
22  29  352
22  30  235
23  32  101
23  33  260
23  31  312
24  34  54
24  35  3
25  36  31
25  37  137
25  38  217
26  39  210
27  39  203
28  40  352
29  40  335
30  40  289
31  41  262
32  41  174
33  41  45
34  41  102
35  42  32
36  42  166
37  42  309
38  42  236
39  43  277
40  44  269
41  44  9
42  45  321
43  46  313
44  47  290
45  48  348
46  49  116
46  50  257
47  51  365
47  52  182
48  53  273
48  54  187
49  55  345
50  56  290
51  56  62
52  57  6
53  58  224
54  59  28
55  60  119
56  60  111
57  60  174
58  60  165
59  60  368
