33  33  34  33  33
15  14  14  14  15
2  3  3  3  2
37  38  38  37  39
19  19  20  20  20
2  3  2  3  2
5  5  4  5  4
3  3  3  3  4
23  24  25  23  23
25  23  25  23  23
39  40  38  38  38
13  13  13  12  12
9  10  10  9  9
25  25  24  24  24
39  36  38  36  37
13  13  13  13  13
18  18  17  17  17
17  18  18  17  17
40  39  40  41  38
19  19  20  19  19
2  3  2  2  2
3  2  2  3  3
38  38  37  39  38
6  6  7  6  7
36  33  36  33  35
9  8  8  8  9
6  6  6  6  6
4  5  4  4  5
8  7  8  7  7
21  20  20  21  21
14  15  14  14  14
38  36  36  36  36
14  14  14  14  13
27  28  26  25  26
29  26  28  26  27
37  35  37  35  36
29  27  26  26  27
33  34  36  36  35
16  16  15  15  15
13  13  12  13  12
9  9  10  10  9
22  22  24  24  25
19  18  18  18  18
9  9  9  8  9
3  3  3  4  3
39  38  39  38  39
33  30  32  32  31
38  40  41  41  41
16  16  16  16  17
38  38  38  39  39
37  35  37  36  35
22  22  24  22  24
18  18  18  19  19
23  21  23  23  22
6  7  7  7  6
38  38  38  40  38
4  5  4  5  5
37  35  35  36  35
23  23  25  23  25
8  8  9  8  8
