14  14  13  13  14
33  35  32  35  35
4  3  4  3  3
8  8  8  8  8
8  8  9  9  8
1  1  1  2  1
31  32  32  31  33
12  12  11  11  12
33  36  36  34  36
10  10  11  10  11
22  21  23  21  23
32  32  30  32  32
26  25  24  25  24
1  2  1  2  2
38  39  37  38  38
21  20  21  21  20
39  41  38  38  42
12  11  11  11  11
36  35  34  33  36
3  4  4  3  3
13  12  12  13  13
14  14  14  14  14
20  19  20  19  20
30  28  30  29  30
22  23  21  21  22
14  15  15  15  15
20  19  20  19  20
38  41  40  41  40
3  3  3  3  4
8  9  9  8  9
26  29  29  27  27
10  9  9  9  10
13  13  13  12  12
39  40  38  38  37
38  38  38  39  41
11  11  11  10  10
11  10  11  11  11
5  5  5  4  4
6  5  6  5  5
11  10  11  11  10
29  31  30  29  30
28  28  31  30  30
31  31  32  31  31
11  10  10  11  10
25  28  27  27  27
38  37  39  37  38
5  5  4  5  5
27  27  27  27  24
13  12  13  12  13
2  3  3  3  3
27  26  26  27  28
12  11  11  12  11
29  28  31  29  28
14  15  15  14  14
33  33  33  33  32
23  26  24  24  26
1  1  2  1  1
40  40  38  39  38
31  31  30  32  31
19  21  21  21  19
