4  5  5  5  5
30  29  24  26  29
25  29  30  26  29
10  12  11  11  13
22  22  23  24  28
27  25  25  27  24
14  15  16  16  13
18  18  21  19  20
2  1  2  1  2
14  13  11  11  11
22  22  18  21  21
5  5  6  5  6
26  23  26  27  23
10  11  10  10  10
10  10  11  10  11
20  18  15  17  19
8  7  7  8  7
30  25  23  26  29
2  1  2  1  1
6  6  5  5  5
26  24  24  30  24
18  17  18  15  15
7  7  6  7  7
5  4  5  4  5
18  16  17  18  16
5  5  6  5  5
3  2  3  3  3
14  14  15  15  14
4  3  4  3  3
4  4  4  5  5
18  18  17  16  18
21  24  21  24  25
16  15  15  16  13
29  26  29  23  29
22  22  20  21  23
18  16  18  15  16
17  20  15  15  17
3  3  4  3  3
8  8  9  8  9
3  3  2  3  3
10  12  12  13  11
1  1  2  2  2
24  29  24  24  28
11  11  14  14  13
3  3  4  3  3
5  5  5  6  5
26  26  21  25  21
10  9  10  10  8
26  25  30  27  25
18  16  18  18  14
26  25  25  22  26
17  16  18  14  15
3  3  2  3  3
20  17  15  18  16
16  15  17  19  20
26  25  26  23  25
24  24  21  23  21
30  24  25  25  25
19  18  16  19  16
17  15  16  14  16
11  12  13  13  14
17  17  14  18  15
15  14  16  15  17
5  5  4  4  5
7  7  6  7  6
10  9  10  11  11
26  23  22  24  21
3  3  2  2  2
28  27  29  28  23
14  12  12  12  14
16  21  21  16  20
13  13  12  12  14
5  6  6  5  6
25  23  26  26  22
16  15  14  15  14
19  17  15  16  20
21  21  23  25  21
22  20  19  21  23
12  14  14  14  11
21  21  21  20  23
