1  2  207
1  3  82
1  4  33
1  5  121
2  6  137
3  8  58
3  9  106
3  7  66
4  10  27
4  11  259
4  12  151
5  13  86
6  14  111
7  14  212
8  15  52
9  15  257
10  16  129
11  16  197
12  17  101
13  17  187
14  18  67
15  19  145
16  19  73
17  20  77
18  21  232
18  22  108
19  24  248
19  23  192
20  25  41
21  26  53
22  27  202
23  27  78
24  28  42
25  29  37
26  30  93
27  31  238
28  32  255
29  33  127
30  34  181
30  35  229
30  36  149
31  40  137
31  41  171
31  37  6
31  38  8
31  39  80
32  42  230
32  43  216
33  44  242
33  45  56
33  46  225
34  47  239
35  47  199
36  48  100
37  48  154
38  48  82
39  48  229
40  48  213
41  49  153
42  49  103
43  49  224
44  50  75
45  50  84
46  50  203
47  51  259
48  52  92
49  52  36
50  53  65
51  54  100
52  56  152
52  57  132
52  58  186
52  55  220
53  59  246
54  60  163
55  61  185
56  62  64
57  63  254
58  64  219
59  65  247
60  66  194
61  66  145
62  67  98
63  67  254
64  68  180
65  69  54
66  70  189
67  70  79
68  71  150
69  71  170
70  72  9
70  73  77
70  74  194
70  75  187
70  76  83
71  77  167
71  78  30
71  79  64
72  80  166
73  80  66
74  80  65
75  80  105
76  80  20
77  80  196
78  80  157
79  80  78
