60  3  733  196  763  794  667  3.8929  4.051  3.4031  0.9607  0.9232  1.099  48  52  5112.6071  1.4344  112494
60  3  654  141  580  494  497  4.1135  3.5035  3.5248  1.1276  1.3239  1.3159  30  30  3792.6879  1.7256  203228
60  3  603  141  723  540  606  5.1277  3.8298  4.2979  0.834  1.1167  0.995  56  36  4503.1915  1.34  284587
60  3  776  132  632  502  637  4.7879  3.803  4.8258  1.2278  1.5458  1.2182  66  33  4343.2879  1.788  41934
60  3  673  99  483  551  499  4.8788  5.5657  5.0404  1.3934  1.2214  1.3487  53  35  4424.4646  1.5226  274202
60  3  745  156  789  781  855  5.0577  5.0064  5.4808  0.9442  0.9539  0.8713  57  33  5893.7756  1.2649  171644
60  3  671  123  758  854  543  6.1626  6.9431  4.4146  0.8852  0.7857  1.2357  60  32  4223.4309  1.59  199453
60  3  693  181  843  590  641  4.6575  3.2597  3.5414  0.8221  1.1746  1.0811  67  32  4962.7403  1.3972  110348
60  3  785  229  803  870  940  3.5066  3.7991  4.1048  0.9776  0.9023  0.8351  56  32  6072.6507  1.2932  104788
60  3  687  61  559  649  569  9.1639  10.6393  9.3279  1.229  1.0586  1.2074  45  32  4387.1803  1.5685  160741
60  3  653  94  511  554  555  5.4362  5.8936  5.9043  1.2779  1.1787  1.1766  52  32  4024.2766  1.6244  154724
60  3  671  86  460  411  491  5.3488  4.7791  5.7093  1.4587  1.6326  1.3666  69  38  3694.2907  1.8184  194962
60  3  728  176  760  662  706  4.3182  3.7614  4.0114  0.9579  1.0997  1.0312  41  32  5303.0114  1.3736  68171
60  3  696  68  490  465  555  7.2059  6.8382  8.1618  1.4204  1.4968  1.2541  65  31  3214.7206  2.1682  68767
60  4  1004  147  767  777  807  5.2177  5.2857  5.4898  1.309  1.2921  1.2441  80  42  5733.898  1.7522  93972
60  4  1040  238  1164  927  830  4.8908  3.895  3.4874  0.8935  1.1219  1.253  127  34  7483.1429  1.3904  116237
60  4  1040  238  1164  927  830  4.8908  3.895  3.4874  0.8935  1.1219  1.253  78  34  7183.0168  1.4485  111665
60  4  1004  147  767  777  807  5.2177  5.2857  5.4898  1.309  1.2921  1.2441  69  33  5733.898  1.7522  225147
60  4  971  104  779  650  718  7.4904  6.25  6.9038  1.2465  1.4938  1.3524  69  33  5685.4615  1.7095  149178
60  4  971  104  779  650  718  7.4904  6.25  6.9038  1.2465  1.4938  1.3524  100  33  5275.0673  1.8425  159468
60  4  1035  232  769  976  793  3.3147  4.2069  3.4181  1.3459  1.0605  1.3052  48  37  6072.6164  1.7051  125455
60  5  1079  276  1188  953  1186  4.3043  3.4529  4.2971  0.9082  1.1322  0.9098  57  35  7642.7681  1.4123  211522
60  5  1292  284  1169  1177  930  4.1162  4.1444  3.2746  1.1052  1.0977  1.3892  25  33  7242.5493  1.7845  146986
60  5  1203  123  854  958  945  6.9431  7.7886  7.6829  1.4087  1.2557  1.273  74  37  6745.4797  1.7849  213531
60  5  1172  128  1008  935  1018  7.875  7.3047  7.9531  1.1627  1.2535  1.1513  167  35  6665.2031  1.7598  235403
60  5  1140  66  935  902  1063  14.1667  13.6667  16.1061  1.2193  1.2639  1.0724  73  38  73211.0909  1.5574  534765
