30  25  33  17  26  34  29
16  23  26  31  12  32  11
30  29  28  28  39  18  46
6  4  5  6  2  3  2
4  11  10  11  4  5  11
36  19  33  26  31  24  39
5  4  5  3  8  3  7
8  8  7  5  7  4  8
42  26  45  27  20  43  20
2  2  1  1  1  2  1
30  22  17  27  43  17  21
14  24  10  10  13  9  20
2  1  2  2  1  1  1
19  30  31  18  23  12  31
7  6  9  4  7  6  5
13  8  8  8  8  10  5
8  20  14  17  14  21  16
30  21  29  19  25  22  24
2  5  5  5  3  4  4
22  19  9  21  25  10  23
31  33  26  28  25  18  30
4  5  7  7  12  7  7
30  31  31  37  31  21  26
39  19  20  40  39  49  43
11  9  9  4  11  6  4
28  20  16  11  28  33  23
21  31  29  20  16  34  33
9  8  7  8  4  8  11
12  17  13  15  23  17  15
13  27  33  20  16  26  37
23  44  22  22  17  26  30
33  37  34  32  29  25  20
16  14  22  41  36  36  15
13  12  13  7  11  17  12
51  33  27  49  52  25  42
25  15  32  18  16  25  15
26  26  12  19  20  20  21
27  36  31  33  36  33  33
16  8  15  15  7  7  8
32  40  38  32  31  23  44
33  21  21  25  14  32  11
7  7  11  11  4  4  8
11  18  13  10  9  21  15
32  24  12  32  14  29  33
4  4  5  4  3  5  5
22  17  24  18  13  12  18
10  23  15  14  17  17  23
8  8  14  10  9  13  19
22  27  19  19  27  11  32
2  3  2  3  3  3  1
19  28  46  22  32  22  35
19  26  25  9  11  14  21
9  18  13  13  25  18  27
12  9  8  13  8  6  10
4  2  3  5  5  4  2
5  3  5  2  6  2  4
5  8  6  9  7  10  13
36  29  29  30  45  32  32
5  5  2  4  5  3  5
38  34  30  28  22  44  42
3  2  4  4  3  5  4
31  17  28  23  40  41  40
18  13  24  18  10  13  17
7  17  16  14  9  19  10
40  41  41  35  23  38  35
24  26  37  30  25  38  23
8  7  10  5  10  10  11
15  26  20  14  30  14  18
8  10  11  8  6  6  9
24  20  14  24  23  18  13
4  5  3  5  4  5  2
8  4  11  4  5  4  4
30  26  33  28  12  16  11
21  26  10  30  15  19  19
7  18  18  16  12  10  19
46  53  55  26  32  50  35
46  29  49  32  23  31  54
56  46  56  35  45  47  33
24  46  50  41  52  35  49
17  24  20  9  10  15  13
