1  2  95
1  3  75
1  4  159
1  5  19
1  6  93
2  7  107
3  8  12
4  9  120
5  10  16
6  10  46
7  11  76
8  12  130
9  12  143
10  12  138
11  13  84
12  14  52
13  16  6
13  15  147
14  17  57
15  18  59
15  19  39
15  20  46
16  21  126
16  22  24
17  23  116
18  24  64
19  24  132
20  25  111
21  26  89
22  27  52
23  27  74
24  28  114
25  29  125
26  30  104
27  31  112
28  32  111
29  33  110
30  34  146
31  34  117
32  35  114
32  36  45
32  37  134
33  38  136
34  39  85
35  40  159
36  40  24
37  40  149
38  40  107
39  40  93
