16  16  14  17  16
13  11  12  13  10
3  3  4  4  3
4  5  4  5  5
2  1  1  1  2
11  11  10  11  12
13  16  13  15  14
5  5  5  4  5
14  13  13  14  15
17  16  16  17  14
2  3  2  2  3
7  7  7  6  6
9  12  9  12  11
12  12  11  10  11
12  14  14  15  14
1  1  2  2  2
2  2  2  2  2
12  12  15  12  12
3  3  2  3  3
7  7  8  7  7
16  14  13  13  15
1  2  1  2  2
17  18  14  18  15
6  7  6  7  7
12  12  11  11  14
15  15  14  16  16
3  3  3  4  3
15  15  14  14  15
14  16  14  14  16
2  3  2  3  3
11  12  13  14  14
7  7  8  8  7
13  11  11  13  10
12  14  13  13  13
4  4  4  4  4
3  4  4  4  3
13  13  16  14  16
7  7  6  7  6
2  2  2  2  3
10  13  10  12  11
