14  18  22  17  8
10  9  20  16  18
15  8  17  15  17
8  16  18  10  10
20  12  14  23  17
5  5  10  11  7
11  10  7  9  4
14  9  13  15  16
1  1  2  1  3
23  8  16  23  22
3  5  2  2  2
8  3  4  7  8
7  8  13  8  7
2  6  2  2  6
8  6  8  3  6
12  7  17  14  9
4  6  6  2  4
3  2  3  3  3
8  12  20  15  22
16  9  16  19  11
4  3  2  3  5
5  4  4  5  7
4  6  3  4  6
10  10  20  18  10
8  13  16  18  11
15  19  13  22  21
4  8  7  9  12
4  3  5  3  2
10  8  10  5  14
12  17  8  8  6
3  4  4  3  2
3  5  3  5  2
16  12  6  14  12
12  8  9  10  9
3  1  3  2  3
9  3  8  6  6
15  17  13  7  14
14  11  11  14  11
8  6  5  7  8
9  5  7  5  6
