1  2  60
1  3  59
2  8  76
2  4  50
2  5  151
2  6  111
2  7  134
3  9  34
3  10  107
3  11  100
3  12  93
3  13  71
4  14  110
4  15  52
5  16  54
5  17  136
5  18  138
6  19  124
7  20  128
8  21  117
9  24  124
9  22  72
9  23  98
10  25  105
10  26  149
10  27  117
11  28  29
12  29  145
12  30  117
13  32  103
13  31  70
14  33  118
15  34  85
16  35  47
17  35  137
18  35  125
19  36  39
20  36  111
21  36  73
22  36  89
23  37  102
24  37  139
25  37  158
26  38  57
27  38  77
28  38  130
29  38  141
30  39  64
31  39  102
32  39  151
33  40  159
34  40  55
35  40  100
36  40  13
37  40  152
38  40  108
39  40  2
