8  8  8  8  9
13  13  14  14  13
9  8  8  8  9
15  16  15  15  15
10  10  11  10  10
13  12  12  13  13
11  10  11  11  11
11  10  10  10  10
9  10  10  9  9
7  6  6  7  7
17  17  16  17  16
14  15  15  14  14
2  2  2  3  2
2  2  2  3  2
15  16  16  15  16
6  5  5  5  6
3  3  4  3  4
4  5  4  4  5
11  11  11  12  11
16  16  15  15  16
10  11  11  11  11
6  5  5  6  6
11  11  10  10  10
9  9  9  9  10
11  11  11  11  11
5  4  4  4  5
2  1  1  1  2
2  2  3  2  3
15  16  15  15  16
5  6  5  6  6
10  10  9  10  9
6  6  6  6  7
5  4  4  4  5
5  5  4  4  5
1  1  2  2  2
1  2  2  1  2
12  13  13  12  13
9  8  8  9  9
8  9  8  9  9
3  4  3  3  3
