3  3  4  4  3
12  13  9  14  13
16  17  11  16  11
9  12  11  11  13
11  10  9  9  14
16  19  19  16  14
14  12  12  14  13
13  10  13  13  12
4  4  4  5  3
7  7  7  5  4
13  13  13  13  12
13  17  17  17  14
18  16  18  15  18
4  3  3  3  3
12  10  11  14  15
3  3  3  3  4
6  4  5  7  7
12  9  13  14  14
16  13  17  15  13
15  12  16  15  10
20  19  19  17  12
3  4  3  4  4
14  9  10  13  11
18  16  12  17  18
7  7  8  8  6
4  3  4  4  3
6  9  7  7  7
8  6  6  9  8
13  13  12  8  9
10  7  6  7  7
15  13  17  16  11
7  6  8  6  7
7  5  5  8  5
9  7  8  6  7
19  13  13  19  20
20  19  18  17  13
19  13  13  14  19
5  4  4  4  3
13  12  10  11  13
5  3  5  3  4
