11  13  11  10  13
6  9  9  7  7
8  5  7  6  6
12  9  10  11  12
10  15  10  14  14
14  15  12  19  18
10  8  8  7  9
15  14  11  13  13
9  9  11  13  11
12  16  16  17  12
9  9  9  8  9
5  3  4  4  4
8  12  9  12  10
8  9  9  8  8
6  10  10  6  10
10  12  17  15  15
8  5  5  8  7
6  9  8  8  7
11  18  17  14  16
12  8  8  12  9
3  3  2  3  2
18  18  17  15  16
16  18  12  14  12
14  10  9  12  10
11  8  7  10  12
7  6  4  7  5
14  12  14  9  14
11  12  10  12  11
7  7  11  7  9
5  4  4  7  5
4  4  4  4  4
2  2  1  1  1
4  4  4  4  3
15  9  12  10  10
5  6  7  7  8
12  18  20  14  12
9  8  6  7  8
15  15  16  15  16
3  4  4  3  3
20  18  12  20  17
