1  2  113
1  3  135
1  4  35
2  5  155
2  6  154
3  8  85
3  9  158
3  7  12
4  10  48
4  11  146
4  12  54
5  13  103
6  13  136
7  14  139
8  15  145
9  15  150
10  16  151
11  16  50
12  17  54
13  18  46
13  19  69
14  20  155
15  24  58
15  21  143
15  22  105
15  23  124
16  25  116
16  26  132
17  27  60
18  28  113
19  28  59
20  28  115
21  29  95
22  30  84
23  31  5
24  32  104
25  32  64
26  32  61
27  32  85
28  33  98
29  33  83
30  34  132
31  34  62
32  34  92
33  35  112
33  36  82
33  37  84
34  38  78
34  39  20
35  40  12
36  40  130
37  40  15
38  40  58
39  40  156
