6  5  5  5  6
5  6  5  6  6
3  4  3  3  3
10  10  12  11  10
7  7  6  6  6
11  11  11  10  13
12  14  13  12  14
2  2  2  2  2
6  7  7  6  6
6  6  7  7  6
13  15  16  15  14
11  10  11  10  8
9  7  9  8  8
4  4  5  4  5
14  13  14  12  12
12  13  12  13  14
3  3  2  2  2
8  11  11  11  8
9  10  12  10  12
13  12  14  11  14
1  1  1  2  1
11  12  12  13  10
7  8  7  8  7
4  3  3  3  4
4  3  3  4  3
12  10  10  13  13
2  3  2  3  2
6  6  5  6  5
9  11  9  8  11
2  1  1  2  2
16  15  13  13  16
5  6  5  5  5
8  9  9  8  7
5  5  4  4  5
9  8  9  8  9
16  15  14  14  17
4  3  4  4  3
18  14  16  15  15
7  8  7  8  8
12  11  13  12  12
