1  2  158
1  3  18
1  4  151
2  5  2
2  6  37
3  7  110
4  8  145
5  9  68
6  10  120
7  10  149
8  11  120
9  12  96
10  13  32
11  13  68
12  14  98
13  16  110
13  15  138
14  17  71
14  18  157
15  19  66
15  20  91
15  21  54
16  22  132
16  23  20
17  24  38
18  25  3
19  26  8
20  27  114
21  28  63
22  28  156
23  29  88
24  30  130
25  30  30
26  30  104
27  31  157
28  31  81
29  31  92
30  32  26
30  33  33
31  34  93
32  35  25
33  36  104
34  37  158
34  38  53
34  39  17
35  40  58
36  40  96
37  40  150
38  40  76
39  40  72
