6  6  7  7  7
12  14  11  14  13
14  11  11  13  11
12  13  14  13  14
4  5  5  5  5
11  9  8  10  11
6  6  6  6  6
3  4  3  4  3
5  4  4  4  4
4  3  4  3  4
16  14  16  15  17
2  1  2  2  1
7  7  8  8  8
7  7  7  6  7
5  5  6  6  5
18  14  14  17  15
12  11  11  11  12
11  10  10  12  13
14  18  14  16  16
14  14  11  13  11
14  13  13  12  11
9  8  8  9  8
10  11  11  8  9
6  5  6  5  6
10  8  10  9  9
4  4  4  4  4
10  9  10  8  9
1  1  2  1  1
15  17  17  15  14
4  4  4  3  4
12  14  15  15  14
14  15  16  15  16
14  14  16  15  13
5  5  5  4  5
6  7  7  7  6
15  12  12  12  15
15  16  17  14  14
14  16  15  15  15
9  9  9  9  9
9  11  10  10  10
