1  2  6
1  3  51
1  4  27
2  5  9
3  6  6
4  7  64
5  8  60
6  9  22
7  9  16
8  10  32
9  11  61
9  12  22
9  13  27
10  14  15
11  15  70
12  16  58
13  16  20
14  17  6
14  18  49
14  19  6
15  20  70
15  21  66
15  22  72
15  23  19
16  24  62
16  25  12
16  26  56
16  27  72
17  28  55
18  28  58
19  28  45
20  29  55
21  29  56
22  30  57
23  31  67
24  31  45
25  32  35
26  32  27
27  32  6
28  33  68
29  33  7
30  33  24
31  34  74
32  35  10
33  36  21
34  37  76
35  37  45
36  38  21
37  39  11
38  40  69
39  40  78
