4  3  4  4  4
9  7  8  8  8
2  2  1  2  1
9  11  7  12  12
5  7  5  5  7
15  12  13  18  17
7  9  9  7  6
13  18  15  11  11
3  3  3  3  3
14  16  18  16  19
14  16  17  13  17
12  12  13  15  15
2  2  3  3  2
10  13  10  12  10
3  3  3  3  3
12  19  14  12  12
14  19  19  14  14
20  17  15  19  15
8  11  11  11  9
7  9  6  6  7
8  7  8  9  9
4  4  3  3  3
3  2  2  2  3
13  14  14  13  14
3  2  2  2  3
12  16  13  16  12
4  3  3  5  3
8  7  9  9  11
13  14  13  13  14
14  11  12  10  9
6  6  8  6  9
1  2  1  1  2
4  7  6  4  6
17  19  16  13  17
12  12  11  10  10
5  4  7  4  4
10  11  7  12  8
3  2  3  3  2
8  5  8  8  8
3  3  5  3  3
