1  2  127
1  3  258
1  4  51
2  5  179
2  6  232
2  7  143
3  8  163
3  9  267
3  10  248
4  11  137
5  12  95
6  12  172
7  13  24
8  13  108
9  14  86
10  15  244
11  15  196
12  16  101
13  17  55
13  18  208
14  19  54
15  20  20
15  21  48
16  22  149
17  22  22
18  23  1
19  23  236
20  24  194
21  24  262
22  25  50
23  26  257
24  27  171
25  28  153
25  29  234
26  30  160
26  31  187
27  32  72
28  33  21
28  34  255
28  35  167
29  36  73
29  37  67
29  38  157
29  39  166
30  40  60
30  41  121
30  42  149
30  43  141
31  44  11
31  45  2
32  46  196
33  47  263
34  47  121
35  47  26
36  47  95
37  47  241
38  48  122
39  49  266
40  50  166
41  50  145
42  51  240
43  51  114
44  51  267
45  52  112
46  52  15
47  53  225
48  54  177
49  55  263
50  56  77
50  57  51
51  58  171
52  59  78
53  60  172
54  60  14
55  61  145
56  61  153
57  62  223
58  62  48
59  62  230
60  64  183
60  65  239
60  63  187
61  66  56
62  67  167
62  68  95
62  69  15
62  70  11
62  71  207
63  72  40
64  73  39
65  73  257
66  73  37
67  74  170
68  75  262
69  75  32
70  76  166
71  76  57
72  77  244
73  77  106
74  78  225
75  79  100
76  79  250
77  80  134
78  80  191
79  80  173
