9  10  11
9  11  13
12  16  16
14  15  17
12  13  16
4  5  5
3  3  4
1  1  2
12  11  13
8  5  6
18  25  18
3  5  4
10  10  14
15  18  22
5  4  5
6  9  8
21  18  22
11  9  11
25  24  34
11  10  14
14  10  12
19  12  14
4  4  4
29  20  26
33  24  23
6  8  8
6  7  9
22  24  16
7  7  4
8  8  9
3  3  2
17  21  22
5  6  8
21  20  19
17  17  11
14  16  21
27  23  23
8  7  6
26  32  30
2  2  2
6  7  7
14  14  19
21  21  27
11  9  12
7  12  11
2  3  3
33  21  25
21  17  22
8  9  7
18  15  12
20  20  15
24  21  17
23  34  21
27  28  33
6  8  8
18  13  14
25  26  28
1  1  2
4  3  3
11  15  17
17  16  16
9  9  7
10  12  11
15  18  18
30  26  32
8  8  12
18  25  24
13  19  20
24  25  25
3  2  3
20  29  20
22  18  23
25  23  24
2  3  2
28  21  23
4  7  6
23  22  20
22  15  21
27  27  25
10  10  9
