1  2  130
1  3  224
1  4  138
1  5  148
2  8  64
2  9  274
2  10  44
2  6  40
2  7  150
3  11  270
3  12  140
3  13  103
3  14  242
3  15  111
4  16  103
4  17  121
4  18  5
4  19  181
4  20  39
5  24  46
5  25  95
5  21  190
5  22  2
5  23  217
6  26  64
6  27  137
7  28  275
8  29  224
9  30  126
10  31  247
11  32  61
12  33  214
13  34  106
14  35  226
15  36  182
16  37  117
16  38  67
17  40  92
17  39  231
18  41  71
19  42  38
20  43  187
21  44  17
22  45  82
22  46  191
23  47  122
24  48  222
25  49  258
25  50  202
25  51  234
26  52  111
27  52  201
28  52  10
29  53  33
30  54  67
31  54  252
32  54  251
33  54  163
34  54  275
35  55  226
36  55  258
37  56  56
38  56  219
39  56  206
40  56  59
41  56  150
42  57  91
43  58  79
44  58  277
45  58  231
46  58  3
47  58  232
48  58  149
49  59  271
50  59  32
51  59  267
52  60  53
53  61  194
53  62  236
53  63  247
54  64  163
54  65  221
55  66  51
55  67  273
56  68  63
57  69  175
57  70  9
57  71  51
58  72  147
58  73  32
58  74  121
58  75  128
59  76  21
59  77  34
59  78  149
59  79  213
60  80  7
61  80  118
62  80  276
63  80  125
64  80  56
65  80  184
66  80  272
67  80  259
68  80  245
69  80  51
70  80  153
71  80  174
72  80  222
73  80  216
74  80  278
75  80  230
76  80  72
77  80  23
78  80  134
79  80  209
