1  2  1
1  3  1
1  4  9
1  5  22
1  6  14
2  7  10
3  8  12
4  9  20
5  10  5
6  11  23
6  12  11
7  13  10
8  14  10
8  15  6
9  16  21
10  17  26
11  18  8
11  19  21
12  20  17
13  21  26
14  21  9
15  22  12
16  23  24
17  23  13
18  23  17
19  23  5
20  23  1
21  24  3
21  25  6
21  26  8
21  27  14
21  28  3
22  32  16
22  33  22
22  29  18
22  30  22
22  31  5
23  34  10
23  35  26
23  36  17
23  37  24
24  38  26
25  38  27
26  39  5
27  39  20
28  40  15
29  40  19
30  41  21
31  41  2
32  42  19
33  42  11
34  43  3
35  44  22
36  44  22
37  44  21
38  45  7
39  46  5
40  46  20
41  47  21
42  47  7
43  48  13
44  48  1
45  49  17
46  50  17
46  51  21
47  52  17
47  53  15
47  54  7
48  55  20
49  56  12
50  56  11
51  57  19
52  57  14
53  58  21
54  58  19
55  59  15
56  60  24
57  60  21
58  60  27
59  60  23
