1  2  153
1  3  71
1  4  69
1  5  275
2  6  98
2  7  84
3  8  121
4  9  148
5  10  48
6  11  44
7  12  84
8  13  237
8  14  8
8  15  220
9  16  163
9  17  144
9  18  17
10  19  51
11  20  138
12  20  143
13  20  175
14  20  222
15  20  256
16  20  275
17  21  264
18  21  111
19  21  41
20  22  8
20  23  28
21  24  27
22  25  118
23  26  161
24  27  156
24  28  268
25  32  267
25  29  265
25  30  241
25  31  157
26  33  117
26  34  278
27  35  90
27  36  231
27  37  5
28  40  137
28  41  111
28  42  103
28  38  183
28  39  100
29  43  167
30  43  124
31  43  46
32  43  12
33  43  118
34  43  262
35  43  48
36  44  276
37  44  167
38  44  25
39  45  16
40  45  176
41  45  240
42  45  27
43  46  54
44  47  60
45  48  47
46  49  236
47  50  155
48  51  276
49  52  207
50  53  245
51  54  231
52  55  223
53  56  107
53  57  107
53  58  151
54  59  66
55  60  162
56  60  203
57  60  185
58  60  175
59  60  109
