1  2  98
1  3  109
1  4  156
1  5  351
1  6  237
2  8  207
2  9  283
2  7  97
3  10  362
4  11  322
4  12  143
4  13  76
5  14  358
5  15  330
6  16  16
7  17  16
8  18  283
9  19  22
10  19  241
11  20  136
12  21  296
13  21  42
14  22  359
15  22  301
16  23  166
17  24  90
18  25  39
19  26  213
20  27  140
21  27  97
22  28  315
23  29  133
24  30  304
25  32  267
25  31  371
26  33  203
27  34  31
28  35  298
29  36  156
30  37  339
31  38  60
32  39  95
33  40  309
33  41  22
34  42  230
34  43  379
35  44  87
36  45  226
36  46  346
37  47  347
38  48  62
39  49  158
40  50  199
41  50  122
42  51  101
43  52  152
44  52  85
45  53  232
46  53  85
47  54  215
47  55  214
48  56  212
49  57  267
50  58  242
50  59  90
51  60  184
52  61  266
52  62  281
53  63  358
54  64  249
55  65  99
56  65  51
57  66  166
58  66  32
59  67  297
60  68  191
61  68  182
62  69  2
63  69  361
64  70  312
64  71  70
65  72  109
65  73  2
66  74  354
67  75  101
67  76  267
68  77  344
68  78  214
69  79  276
70  80  265
71  80  309
72  80  293
73  80  258
74  80  98
75  80  71
76  80  294
77  80  291
78  80  150
79  80  283
