1  2  156
1  3  198
2  8  115
2  4  169
2  5  214
2  6  199
2  7  154
3  9  161
3  10  162
3  11  15
3  12  160
3  13  89
4  14  92
5  15  165
6  16  20
7  17  99
8  18  106
9  19  169
10  20  107
11  21  99
12  22  218
13  23  34
14  24  199
15  25  124
16  26  111
17  27  127
18  28  27
19  29  96
20  30  49
21  31  40
22  32  175
23  33  162
24  34  41
25  34  85
26  35  4
27  36  146
28  37  95
29  38  137
30  39  202
31  39  154
32  40  52
33  40  175
34  41  7
34  42  208
35  43  130
35  44  69
36  45  62
37  46  139
38  48  193
38  47  110
39  49  58
40  50  14
41  51  19
42  51  73
43  52  172
44  53  140
45  54  34
46  54  191
47  54  60
48  55  219
49  56  171
50  56  85
51  57  181
52  58  99
53  59  84
54  60  20
55  61  134
55  62  17
56  63  68
57  64  193
58  65  145
58  66  209
59  67  165
60  68  201
60  69  139
61  70  208
62  71  146
63  72  174
64  73  167
65  74  69
66  75  201
67  76  197
68  77  159
69  77  9
70  78  189
71  78  106
72  79  60
73  80  204
74  80  200
75  80  216
76  80  15
77  80  12
78  80  100
79  80  207
