80  3  1165  101  795  759  899  7.8713  7.0  8.901  1.0  1.5349  1.2959  28  30  18  768  7.604  1.5169  57753
80  3  1272  195  1169  749  1080  5.9949  3.0  5.5385  1.0  1.6983  1.1778  23  30  18  1169  5.9949  1.0881  13520
80  3  1241  127  964  795  949  7.5906  6.0  7.4724  1.0  1.561  1.3077  24  30  18  781  6.1496  1.589  53866
80  3  1125  207  934  778  761  4.5121  3.0  3.6763  1.0  1.446  1.4783  20  29  17  766  3.7005  1.4687  37895
80  3  1195  135  793  893  816  5.8741  6.0  6.0444  1.0  1.3382  1.4645  26  30  18  699  5.1778  1.7096  113149
80  3  1164  223  1320  1316  1200  5.9193  5.0  5.3812  0.0  0.8845  0.97  24  30  18  1320  5.9193  0.8818  26077
80  4  959  168  990  694  692  5.8929  4.0  4.119  0.0  1.3818  1.3858  25  29  19  658  3.9167  1.4574  41718
80  4  860  84  581  544  629  6.9167  6.0  7.4881  1.0  1.5809  1.3672  26  31  20  581  6.9167  1.4802  19911
80  4  1026  165  776  589  755  4.703  3.0  4.5758  1.0  1.7419  1.3589  21  29  19  776  4.703  1.3222  81529
80  5  1151  262  891  907  761  3.4008  3.0  2.9046  1.0  1.269  1.5125  23  31  21  891  3.4008  1.2918  9734
80  5  1163  243  1152  1153  1064  4.7407  4.0  4.3786  1.0  1.0087  1.093  27  31  21  1122  4.6173  1.0365  57336
80  5  1163  243  1152  1153  1064  4.7407  4.0  4.3786  1.0  1.0087  1.093  28  32  22  1064  4.3786  1.093  320755
