80  3  1165  101  795  759  899  7.8713  7.0  8.901  1.0  1.5349  1.2959  29  32  20  795  7.8713  1.4654  164209
80  3  1272  195  1169  749  1080  5.9949  3.0  5.5385  1.0  1.6983  1.1778  24  31  18  1003  5.1436  1.2682  116431
80  3  1241  127  964  795  949  7.5906  6.0  7.4724  1.0  1.561  1.3077  24  31  19  789  6.2126  1.5729  45978
80  3  1125  207  934  778  761  4.5121  3.0  3.6763  1.0  1.446  1.4783  21  31  18  934  4.5121  1.2045  147613
80  3  1195  135  793  893  816  5.8741  6.0  6.0444  1.0  1.3382  1.4645  26  32  19  673  4.9852  1.7756  721312
80  3  1164  223  1320  1316  1200  5.9193  5.0  5.3812  0.0  0.8845  0.97  25  32  19  884  3.9641  1.3167  23103
80  4  959  168  990  694  692  5.8929  4.0  4.119  0.0  1.3818  1.3858  24  32  20  780  4.6429  1.2295  82489
80  4  860  84  581  544  629  6.9167  6.0  7.4881  1.0  1.5809  1.3672  29  32  20  581  6.9167  1.4802  188556
80  4  1026  165  776  589  755  4.703  3.0  4.5758  1.0  1.7419  1.3589  23  32  20  776  4.703  1.3222  13424
80  5  1151  262  891  907  761  3.4008  3.0  2.9046  1.0  1.269  1.5125  24  32  21  891  3.4008  1.2918  20204
80  5  1163  243  1152  1153  1064  4.7407  4.0  4.3786  1.0  1.0087  1.093  29  33  23  956  3.9342  1.2165  345046
80  5  1163  243  1152  1153  1064  4.7407  4.0  4.3786  1.0  1.0087  1.093  29  34  22  1055  4.3416  1.1024  328545
