v
heft-avg_slr= [[1.3913, 13.7333, 4.243], [2.2031, 14.52, 4.976], [3.3147, 14.1667, 5.661], [3.4008, 7.8713, 5.688], [3.4511, 11.3838, 8.329]]
cpop-avg_slr= [[1.0, 10.0, 3.852], [1.0, 15.0, 4.244], [3.0, 13.0, 4.839], [3.0, 7.0, 4.4], [3.0, 12.0, 8.0]]
peft-avg_slr= [[1.3077, 15.0667, 4.226], [2.2121, 16.48, 4.781], [2.9834, 16.1061, 5.437], [2.9046, 8.901, 5.305], [2.7337, 13.404, 8.795]]
ga-avg_slr= [[1.2754, 9.25, 3.683], [2.0156, 12.12, 4.26], [2.8534, 13.5606, 4.968], [3.4008, 7.8713, 5.162], [3.4217, 11.3838, 7.198]]
adts-avg_slr= [[1.2754, 8.625, 3.376], [1.9925, 14.44, 4.227], [1.8954, 12.8939, 5.099], [2.8626, 7.5446, 4.861], [3.413, 10.2626, 5.783]]

2v
ga-avg_slr= [[1.3231, 10.0, 3.654], [2.2031, 13.6667, 4.33], [2.8534, 13.5606, 4.915], [3.4008, 7.8713, 5.13], [3.2717, 11.3838, 7.186]]

v/2
ga-avg_slr= [[1.2754, 9.25, 3.635], [2.0625, 13.6667, 4.274], [2.8534, 12.8485, 4.96], [3.4, 7.7921, 4.943], [3.3739, 11.3838, 7.047]]

v/4
ga-avg_slr= [[1.2754, 13.7333, 3.68], [1.7969, 14.52, 4.249], [2.6164, 13.5606, 5.032], [3.4008, 7.8713, 5.01], [3.4511, 11.3838, 6.712]]

v/5
ga-avg_slr= [[1.3231, 9.25, 3.654], [2.0156, 12.1481, 4.352], [2.8534, 13.5606, 4.959], [3.4008, 7.8713, 5.207], [3.2717, 11.3838, 6.933]]

