v
heft-avg_speedup= [[0.5183, 2.1408, 0.88], [0.6508, 1.5579, 1.016], [0.8221, 1.482, 1.146], [0.8818, 1.5069, 1.213], [0.9842, 1.4454, 1.356]]
cpop-avg_speedup= [[0.4459, 2.0, 0.89], [0.6252, 1.7556, 1.093], [0.7857, 1.7553, 1.207], [0.8845, 1.7419, 1.383], [0.9683, 1.5244, 1.381]]
peft-avg_speedup= [[0.5317, 2.2353, 0.909], [0.6352, 1.8414, 1.073], [0.8351, 1.7098, 1.203], [0.97, 1.5125, 1.302], [1.2276, 1.8091, 1.259]]
ga-avg_speedup= [[0.5511, 2.1408, 1.027], [0.8288, 2.0094, 1.188], [0.9082, 1.7696, 1.317], [0.9282, 1.8024, 1.306], [1.3177, 1.7573, 1.427]]
adts-avg_speedup= [[0.6579, 2.2687, 1.083], [0.8965, 1.736, 1.206], [0.9688, 2.1462, 1.313], [0.994, 1.6458, 1.419], [1.0599, 1.8324, 1.461]]

2v
ga-avg_speedup= [[0.6323, 2.4127, 1.031], [0.7562, 2.0094, 1.168], [0.8221, 1.831, 1.322], [0.8818, 1.7625, 1.327], [1.2193, 1.7573, 1.47]]

v/2
ga-avg_speedup= [[0.6133, 2.303, 1.031], [0.7491, 2.0094, 1.183], [0.8935, 1.7696, 1.322], [0.8818, 1.8289, 1.389], [1.3363, 1.7573, 1.479]]

v/4
ga-avg_speedup= [[0.6068, 2.4127, 1.027], [0.762, 2.0094, 1.195], [0.8935, 1.7696, 1.308], [0.8818, 1.7625, 1.364], [1.2193, 1.7573, 1.534]]

v/5
ga-avg_speedup= [[0.6244, 2.303, 1.031], [0.6508, 2.0094, 1.169], [0.8935, 1.7696, 1.314], [0.8818, 1.712, 1.314], [1.1975, 1.7573, 1.483]]