v(ms)
heft-avg_time= [[2, 9, 2.648], [6, 10, 7.634], [11, 38, 18.097], [20, 29, 25.4], [35, 47, 41.0]]
cpop-avg_time= [[2, 3, 2.308], [8, 9, 8.329], [17, 20, 18.613], [30, 33, 31.5], [46, 52, 48.75]]
peft-avg_time= [[1, 3, 1.984], [5, 8, 6.122], [10, 16, 12.548], [18, 23, 19.9], [28, 36, 30.0]]
ga-avg_time= [[98, 5114, 763.352], [635, 63381, 9320.634], [1756, 205274, 51967.935], [6109, 448907, 102565.5], [188589, 1235603, 389070.0]]
adts-avg_time= [[29, 338, 74.788], [70, 378, 154.52], [110, 435, 221.585], [141, 481, 271.286], [264, 625, 424.714]]

2v
heft-avg_time= [[2, 64, 3.126], [6, 35, 9.049], [11, 305, 21.194], [20, 48, 34.9], [49, 62, 55.0]]
cpop-avg_time= [[2, 6, 2.126], [7, 10, 7.683], [14, 23, 15.839], [25, 29, 26.2], [38, 44, 41.0]]
peft-avg_time= [[1, 5, 1.857], [4, 10, 5.573], [8, 16, 10.548], [15, 20, 16.6], [23, 31, 25.0]]
ga-avg_time= [[96, 3906, 889.599], [578, 50728, 9909.927], [2390, 208251, 44940.903], [4003, 435475, 90415.8], [16722, 487944, 180636.5]]
adts-avg_time= [[29, 338, 74.788], [70, 378, 154.52], [110, 435, 221.585], [141, 481, 271.286], [264, 625, 424.714]]

v/2
heft-avg_time= [[2, 4, 2.533], [5, 12, 7.451], [11, 20, 15.484], [20, 29, 25.2], [36, 45, 39.5]]
cpop-avg_time= [[2, 3, 2.286], [7, 10, 8.329], [17, 20, 18.516], [30, 33, 30.7], [45, 50, 47.0]]
peft-avg_time= [[1, 3, 2.016], [5, 8, 6.171], [11, 16, 12.516], [18, 23, 19.4], [27, 35, 30.0]]
ga-avg_time= [[108, 3782, 921.374], [620, 58925, 13493.817], [2566, 232683, 51031.645], [6763, 466337, 257223.5], [16795, 1438840, 454217.0]]
adts-avg_time= [[29, 338, 74.788], [70, 378, 154.52], [110, 435, 221.585], [141, 481, 271.286], [264, 625, 424.714]]

v/4
heft-avg_time= [[2, 5, 2.538], [5, 10, 7.354], [11, 24, 15.548], [20, 37, 25.7], [36, 45, 40.5]]
cpop-avg_time= [[2, 3, 2.242], [7, 10, 8.244], [17, 20, 18.548], [30, 33, 31.3], [47, 50, 47.5]]
peft-avg_time= [[1, 3, 2.0], [5, 8, 6.073], [10, 16, 12.452], [18, 22, 19.5], [28, 34, 29.5]]
ga-avg_time= [[97, 8823, 959.978], [627, 35214, 10169.037], [2562, 175226, 43213.065], [6071, 449005, 113030.4], [37569, 490549, 178932.0]]
adts-avg_time= [[29, 338, 74.788], [70, 378, 154.52], [110, 435, 221.585], [141, 481, 271.286], [264, 625, 424.714]]

v/5
heft-avg_time= [[2, 4, 2.451], [5, 11, 7.451], [11, 20, 15.452], [20, 37, 26.8], [36, 47, 41.0]]
cpop-avg_time= [[2, 3, 2.264], [7, 10, 8.354], [17, 20, 18.548], [30, 33, 31.4], [48, 52, 48.5]]
peft-avg_time= [[1, 3, 2.055], [5, 8, 6.159], [11, 16, 12.516], [18, 22, 19.6], [28, 36, 29.75]]
ga-avg_time= [[103, 5143, 837.505], [626, 48264, 11538.28], [4817, 135623, 43377.226], [7216, 248419, 63704.2], [41267, 643430, 224057.5]]
adts-avg_time= [[29, 338, 74.788], [70, 378, 154.52], [110, 435, 221.585], [141, 481, 271.286], [264, 625, 424.714]]
