1  2  54
1  3  215
1  4  142
2  5  202
3  6  154
4  8  211
4  7  88
5  9  183
5  10  119
5  11  42
6  12  209
6  13  46
7  16  115
7  17  210
7  18  163
7  14  170
7  15  6
8  19  131
8  20  29
8  21  118
8  22  54
9  23  35
10  23  1
11  24  32
12  24  22
13  25  188
14  25  145
15  26  43
16  26  97
17  26  211
18  26  45
19  27  6
20  27  115
21  27  75
22  27  209
23  28  99
23  29  114
24  30  151
24  31  173
25  32  203
25  33  11
26  34  138
26  35  61
26  36  104
27  37  148
27  38  15
27  39  131
28  40  64
29  40  120
30  40  34
31  40  164
32  40  141
33  40  14
34  40  172
35  40  37
36  40  92
37  40  67
38  40  80
39  40  3
