1  2  130
1  3  136
1  4  189
1  5  106
1  6  12
2  7  38
3  7  176
4  8  109
5  9  58
6  10  77
7  11  150
8  12  197
9  12  178
10  12  144
11  13  129
12  14  174
13  16  39
13  15  166
14  17  17
14  18  179
14  19  189
15  20  75
16  21  38
16  22  27
16  23  59
17  24  190
18  25  62
18  26  92
19  27  191
19  28  82
19  29  17
20  30  31
21  30  105
22  31  35
23  31  10
24  31  166
25  31  193
26  31  106
27  31  147
28  31  7
29  31  11
30  32  187
30  33  50
31  34  80
32  35  170
33  36  20
34  36  174
35  37  96
36  38  184
36  39  97
37  40  118
38  40  92
39  40  60
