21  24  18  22  14  27
9  8  9  13  10  11
10  14  11  10  13  10
21  28  17  25  15  28
22  17  23  21  18  30
17  26  18  16  20  18
24  24  27  16  21  26
2  5  4  2  3  5
1  2  1  1  1  1
28  17  29  28  15  26
13  18  13  11  12  9
18  16  18  9  20  18
7  8  7  7  8  5
27  19  25  16  15  22
18  10  19  9  14  9
8  7  5  6  9  6
6  6  5  5  9  8
1  1  2  1  2  1
2  3  3  3  2  2
2  4  2  4  3  5
3  3  2  3  3  3
12  9  7  8  15  15
18  15  11  12  10  14
2  3  3  3  2  3
4  5  6  8  4  6
27  28  15  27  27  27
12  16  20  19  15  13
21  21  16  22  31  23
6  5  5  6  5  4
16  8  8  15  16  11
2  2  3  5  3  4
3  4  3  2  5  5
10  8  7  10  7  10
11  19  14  16  13  15
3  2  5  3  2  4
15  8  9  14  11  13
19  23  18  23  12  15
10  7  10  5  5  5
11  18  23  15  24  14
3  2  2  3  2  2
