4  3  3  4  3  4
1  2  2  1  2  2
16  18  14  18  15  16
3  2  3  3  3  3
3  4  4  3  3  3
10  12  8  12  8  9
12  12  15  18  16  13
15  18  15  14  14  17
19  21  22  15  14  15
20  22  21  14  22  22
8  6  6  9  7  8
8  7  8  8  8  7
24  27  27  27  27  25
5  4  4  4  4  4
10  14  10  14  14  9
4  3  4  3  4  4
17  18  14  12  15  13
2  2  2  1  1  1
27  23  20  24  26  18
2  1  1  2  1  1
13  12  16  18  15  14
10  12  11  16  12  16
14  14  9  11  9  14
14  13  13  14  14  16
22  17  22  21  19  28
17  16  18  22  23  14
22  24  24  22  18  23
3  4  5  5  5  4
5  5  7  8  8  8
25  28  19  23  28  17
3  4  3  3  4  4
21  24  24  20  21  23
12  7  9  10  10  9
12  14  16  12  18  12
27  20  19  23  21  18
7  7  6  9  9  9
5  4  4  3  3  5
11  16  13  14  12  13
1  1  2  2  2  2
15  11  14  9  11  13
