14  13  12  12  14  14
15  18  18  12  12  14
7  5  5  5  6  7
8  7  9  10  10  9
4  4  3  3  3  4
7  7  7  7  8  9
15  14  14  9  14  14
11  9  12  9  9  13
7  7  6  9  8  10
7  6  10  6  8  7
14  10  11  12  14  13
6  9  9  8  6  9
17  15  20  22  23  24
3  2  3  3  3  2
11  10  11  9  11  8
10  14  14  10  9  15
6  7  10  6  10  9
1  2  2  2  2  1
22  14  16  17  15  21
8  6  7  6  8  8
9  9  13  10  13  8
20  23  24  16  24  20
9  6  6  9  8  6
14  14  12  14  15  11
8  6  6  8  7  7
16  16  17  22  19  20
3  2  3  3  3  2
19  21  17  18  21  22
9  13  14  13  14  12
19  23  27  18  24  17
12  14  9  13  12  10
6  7  7  4  7  4
20  17  23  22  21  21
14  10  13  11  13  14
16  15  11  13  15  14
12  13  20  13  16  19
19  18  16  15  20  14
1  1  2  1  1  1
13  14  11  10  14  12
7  8  5  8  7  5
