21  24  23  20  20  21
7  7  7  7  6  7
21  20  18  19  20  16
22  24  22  21  24  20
11  8  10  10  10  11
18  17  18  21  16  16
11  8  10  9  8  11
4  4  3  4  4  3
16  20  19  17  17  18
15  20  20  20  15  19
20  22  20  23  20  21
2  3  2  3  3  2
12  11  11  12  12  11
22  19  21  23  21  20
12  13  10  11  13  13
17  17  22  19  20  17
21  19  19  20  17  18
16  17  16  19  15  16
16  17  15  15  16  17
14  15  14  16  17  17
14  17  16  14  15  16
9  9  11  12  12  11
19  22  17  20  19  20
1  1  2  1  1  2
6  5  5  6  6  6
12  11  11  9  9  12
21  21  21  22  21  22
23  21  23  20  20  21
9  8  11  10  10  11
9  10  10  10  9  11
12  11  10  11  13  10
23  21  22  23  18  23
13  13  13  15  13  15
2  2  3  3  3  2
20  21  21  17  19  17
3  3  2  3  2  2
23  19  19  23  22  20
10  11  10  10  9  9
14  16  17  16  17  17
2  2  1  1  1  1
