1  2  86
1  3  108
1  4  140
1  5  31
2  6  146
2  7  43
3  8  200
3  9  59
3  10  68
4  11  172
4  12  113
4  13  210
4  14  65
4  15  88
5  16  139
5  17  18
5  18  52
5  19  69
5  20  120
6  21  62
7  22  74
8  23  53
9  24  121
10  25  176
11  26  5
12  27  33
13  28  43
14  29  112
15  30  197
16  31  78
17  32  76
18  33  67
19  34  108
20  35  4
21  36  163
22  37  56
23  37  115
24  38  14
25  38  59
26  38  131
27  39  131
28  40  210
29  41  32
30  42  96
31  43  177
32  44  152
33  45  83
34  46  4
35  47  64
36  48  157
37  49  66
38  50  129
39  51  111
40  52  200
41  53  44
42  54  217
43  55  213
44  56  46
45  57  201
46  58  162
47  59  69
48  60  79
49  60  131
50  60  162
51  60  187
52  60  6
53  60  189
54  60  72
55  60  81
56  60  87
57  60  126
58  60  18
59  60  95
