8  8  8
23  22  23
2  2  2
15  16  16
10  11  10
19  19  19
6  5  6
14  14  14
4  4  3
20  19  20
18  18  18
2  3  2
20  19  20
12  12  13
12  13  12
7  7  8
2  3  3
19  18  18
19  18  19
18  18  17
4  4  5
12  12  13
13  12  12
14  14  15
19  19  19
19  19  20
5  6  5
14  14  14
6  6  5
24  23  22
21  21  21
21  20  21
12  11  12
5  6  5
7  7  7
7  7  8
19  18  18
13  12  13
7  6  7
23  22  23
17  17  16
1  2  1
17  17  18
22  20  22
19  20  19
12  13  12
4  5  4
2  3  2
12  12  11
20  19  21
1  1  2
15  15  15
11  11  12
2  1  1
14  15  15
2  1  1
13  13  13
18  17  17
14  14  13
4  4  4
