1  2  72
1  3  120
1  4  43
1  5  120
1  6  206
2  7  61
3  8  147
4  9  61
5  10  140
6  11  192
7  12  77
8  13  212
9  14  195
10  16  219
10  17  123
10  15  134
11  18  175
12  19  111
13  19  181
14  20  121
15  21  98
16  22  115
17  23  54
18  23  82
19  24  133
20  24  155
21  25  106
22  26  181
23  26  86
24  27  130
25  28  54
25  29  154
26  30  124
27  32  110
27  33  184
27  31  163
28  34  175
28  35  153
29  36  167
29  37  185
29  38  145
29  39  172
30  40  99
31  41  138
32  41  129
33  41  141
34  41  94
35  42  117
36  43  168
37  43  22
38  44  99
39  44  188
40  44  166
41  45  211
42  45  117
43  46  158
44  46  147
45  48  198
45  49  69
45  50  198
45  47  176
46  51  68
47  52  47
48  52  127
49  53  174
50  53  212
51  54  191
52  56  55
52  55  168
53  57  136
53  58  158
54  59  184
55  60  92
56  60  26
57  60  84
58  60  45
59  60  116
