19  18  19
12  12  11
17  18  18
23  23  22
15  15  16
18  19  18
3  3  3
5  5  6
18  17  18
6  6  6
4  3  4
12  12  11
16  16  15
9  8  9
23  23  22
8  7  8
16  15  15
16  16  17
6  7  6
3  2  2
7  7  6
19  19  19
21  23  21
15  15  16
1  1  2
17  16  17
13  12  12
10  11  10
12  12  12
9  8  8
12  11  11
15  15  15
18  18  18
19  19  19
8  8  8
4  4  5
13  14  13
12  13  13
2  2  3
12  11  11
2  2  2
18  18  18
8  8  8
18  19  18
12  12  12
21  23  20
11  11  11
19  20  19
14  14  15
15  15  16
3  4  4
1  2  2
7  7  7
13  12  13
21  21  23
16  16  16
2  2  2
13  14  14
14  14  15
17  18  17
