14  11  20
14  12  20
1  3  1
14  15  15
8  13  13
9  6  12
2  2  2
5  5  4
10  19  8
8  19  20
13  13  13
3  5  4
13  21  18
12  12  14
17  18  18
2  2  5
26  26  21
32  26  20
29  22  20
8  3  3
1  1  2
15  21  16
19  15  23
4  6  12
10  14  13
11  14  8
4  4  8
16  16  9
11  20  18
3  2  2
27  13  13
12  21  23
8  10  11
11  14  9
13  20  13
16  19  22
29  14  18
1  2  2
24  12  18
3  1  1
2  1  1
8  9  11
14  19  14
7  10  14
7  6  8
10  27  24
8  16  9
12  9  13
4  3  7
5  7  6
15  11  13
8  9  8
2  6  5
1  1  1
17  25  9
15  16  15
4  4  2
3  2  3
27  27  32
7  11  9
