18  18  15
18  15  20
4  3  3
14  16  14
2  1  2
18  15  18
20  20  18
20  16  21
5  5  6
1  2  1
23  21  19
16  17  17
12  13  11
8  10  9
1  2  2
2  3  2
3  3  3
23  21  22
11  14  14
20  17  20
7  7  7
5  4  4
11  11  10
4  4  4
6  7  7
3  3  4
19  21  19
7  8  7
17  17  17
3  4  3
23  23  24
1  2  2
10  13  12
5  4  4
22  20  21
3  4  3
19  21  19
8  9  7
19  20  20
24  21  21
4  3  3
8  8  7
6  6  7
3  4  3
11  10  12
7  7  7
6  7  6
11  14  11
2  2  2
13  13  12
13  12  11
7  8  8
3  2  3
11  10  12
7  6  6
6  6  7
5  5  4
4  4  5
16  14  14
9  10  11
