1  2  28
1  3  130
2  4  208
2  5  146
2  6  98
2  7  160
3  8  66
3  9  160
3  10  72
4  11  119
5  12  194
6  13  134
7  14  37
8  15  7
9  16  122
10  17  15
11  18  83
12  19  68
13  20  109
14  21  177
15  22  219
16  23  128
17  23  140
18  24  25
19  25  150
20  26  125
21  27  9
22  28  27
23  29  92
24  30  101
25  32  24
25  31  54
26  33  180
27  34  95
27  35  149
28  36  38
29  37  113
29  38  103
30  39  90
31  40  145
32  41  191
33  41  79
34  41  112
35  42  147
36  43  17
37  44  112
38  44  134
39  45  5
40  46  111
41  46  90
42  46  183
43  47  171
44  47  150
45  48  138
46  49  214
47  50  46
48  51  196
48  52  142
49  53  89
49  54  122
50  55  29
51  56  145
52  57  30
53  58  137
54  58  92
55  59  7
56  60  66
57  60  150
58  60  204
59  60  138
