6  6  7
27  23  13
7  4  7
10  19  18
11  10  11
12  11  6
18  13  19
4  4  4
15  18  16
5  3  3
7  6  7
10  6  13
7  5  8
5  7  5
5  5  5
19  25  16
9  14  8
2  2  1
12  11  13
29  15  21
21  18  26
10  14  10
14  17  27
10  6  7
18  28  17
14  20  19
5  5  6
3  3  2
19  14  15
12  11  7
15  25  21
16  10  17
7  6  7
2  3  2
13  12  12
14  22  13
5  9  11
2  2  3
16  20  27
17  22  20
10  10  7
7  11  11
11  13  14
6  10  5
3  4  2
13  12  9
20  10  20
3  3  6
8  7  6
22  15  22
8  10  5
22  13  22
6  11  9
6  5  6
14  16  10
12  18  19
28  29  31
2  2  2
3  6  6
16  26  17
