8  8  6
9  9  8
1  2  1
22  13  18
21  28  20
9  6  8
17  18  16
15  15  13
16  16  18
7  12  7
3  3  4
9  12  8
5  5  5
2  1  1
3  3  5
16  14  11
5  7  4
3  4  3
17  18  21
14  17  13
24  20  20
20  21  17
15  14  12
11  13  9
20  18  18
2  2  2
23  22  23
22  17  21
19  18  20
7  8  7
7  5  6
20  25  21
19  19  18
17  22  20
19  17  23
7  10  7
5  6  8
2  2  2
21  15  18
3  3  3
14  14  10
11  13  11
22  21  23
3  4  3
13  15  15
20  14  17
22  16  22
2  2  2
22  19  17
23  25  18
8  8  7
15  15  15
19  18  18
18  16  22
12  11  11
14  11  14
14  12  18
12  19  19
18  13  15
2  3  3
