2  1  1  2
27  22  27  21
35  31  30  30
25  24  24  24
12  10  11  11
14  14  14  17
6  6  5  5
7  7  8  9
28  28  32  30
19  20  22  24
11  12  11  12
28  30  25  24
19  21  18  20
8  9  7  7
5  5  5  6
31  31  32  32
26  25  27  31
31  29  34  35
8  7  8  7
13  16  16  16
2  2  1  1
33  33  30  31
22  22  22  24
12  15  15  14
3  4  3  4
6  5  6  5
20  23  23  23
13  14  14  16
21  22  20  25
8  7  7  8
9  7  7  8
12  15  12  14
12  11  14  14
23  22  23  28
1  1  1  1
34  30  34  30
20  22  21  22
22  25  26  22
22  24  23  21
12  11  11  11
10  10  9  10
13  14  14  12
3  3  3  2
25  22  27  29
35  30  32  31
14  14  11  11
34  30  31  28
6  6  5  6
22  20  23  23
20  21  19  19
8  8  7  9
21  20  21  17
3  3  4  3
21  20  23  22
28  33  30  33
7  7  7  8
33  29  34  34
28  30  29  29
36  31  35  36
25  26  27  27
