24  21  25  25
13  20  22  16
28  25  29  22
30  26  38  25
23  32  32  20
24  32  21  30
17  18  16  15
20  24  16  18
23  28  22  24
11  12  8  8
3  2  3  2
33  35  32  24
21  20  21  21
21  22  16  17
7  7  11  12
30  30  38  27
26  25  34  27
19  22  20  23
29  28  25  25
19  21  16  13
9  8  13  12
9  9  8  9
10  8  6  10
15  19  19  16
13  13  8  9
4  3  4  4
26  21  26  31
18  16  23  23
4  4  7  4
29  20  22  20
8  6  7  9
29  26  33  30
5  8  8  5
27  24  30  31
1  1  1  2
4  3  3  3
13  19  19  13
27  19  19  28
21  25  27  23
15  21  20  23
3  5  5  3
12  12  12  14
12  12  14  11
35  30  28  21
12  18  20  16
35  28  27  27
15  13  19  15
15  12  19  12
12  8  9  10
3  4  4  4
17  14  13  18
7  6  4  4
11  11  9  10
8  6  5  6
25  20  27  21
7  4  6  6
22  25  32  25
21  23  24  23
18  18  27  23
36  34  26  36
