1  2  296
1  3  109
2  8  60
2  4  65
2  5  36
2  6  156
2  7  157
3  9  85
3  10  1
3  11  196
4  12  51
5  13  55
6  14  85
7  16  84
7  15  219
8  17  130
9  18  260
10  19  195
10  20  177
11  21  236
12  22  90
13  23  177
14  24  106
15  25  137
16  26  113
17  27  71
18  28  82
19  29  213
20  30  181
21  31  303
22  32  3
23  33  44
24  34  290
25  35  175
26  36  281
27  36  237
28  37  3
29  38  12
30  39  144
31  39  238
32  40  13
33  41  115
34  42  186
35  43  300
36  44  136
36  45  252
36  46  14
37  47  286
38  48  222
39  49  291
40  50  69
41  51  162
42  52  108
43  53  266
44  54  70
45  55  9
46  56  117
47  57  207
48  58  172
49  59  81
50  60  110
51  60  123
52  60  145
53  60  106
54  60  258
55  60  160
56  60  195
57  60  178
58  60  228
59  60  227
