2  3  3  2
16  16  17  16
15  15  15  16
20  20  19  19
29  28  28  31
3  3  4  3
13  12  13  12
4  3  4  3
27  26  24  26
21  21  21  23
6  5  5  6
31  31  29  31
19  21  21  19
19  18  19  19
22  25  25  23
7  7  7  7
30  30  31  32
3  3  4  4
23  23  25  24
6  6  6  6
16  17  16  16
32  32  29  32
4  4  5  5
17  16  16  17
32  32  32  31
6  5  6  5
2  1  2  1
13  12  13  12
24  25  26  25
19  18  19  19
24  25  27  25
28  30  28  31
10  10  9  9
8  8  8  7
21  19  21  21
33  30  31  32
19  19  19  20
16  17  17  17
13  12  13  13
20  19  19  19
8  9  9  8
20  20  19  21
9  8  9  8
32  31  30  31
16  16  16  16
20  22  21  23
14  15  14  14
11  12  11  11
7  6  6  6
23  21  22  23
16  16  16  17
12  12  12  12
13  13  12  13
13  14  14  13
18  18  19  18
8  9  8  9
17  16  16  16
26  26  27  27
12  12  13  13
8  8  9  9
