19  21  20  20
3  3  3  3
21  23  20  20
29  27  28  26
6  6  7  6
24  23  24  25
30  33  33  31
27  30  28  28
29  32  31  32
2  1  1  2
13  14  14  13
23  23  23  26
29  29  28  31
12  12  11  11
13  13  13  12
9  9  10  9
27  27  26  29
3  4  3  4
25  25  27  26
5  5  4  4
12  11  11  12
10  10  10  9
33  32  33  31
27  26  27  28
4  5  5  5
19  19  19  19
18  17  18  18
23  25  24  24
13  13  13  12
9  8  8  9
25  26  27  26
27  27  25  26
4  5  4  5
5  4  4  4
30  29  29  28
24  25  24  25
6  6  5  5
14  14  13  13
9  8  9  8
6  7  7  7
23  23  21  23
16  16  16  16
20  21  19  19
14  14  15  15
14  14  14  14
32  29  31  32
16  17  17  16
29  29  29  29
29  28  29  28
7  6  6  7
16  15  15  16
8  7  7  7
6  6  5  5
11  10  10  10
12  13  12  13
22  23  21  22
18  17  17  18
20  21  21  20
30  29  29  31
31  30  32  30
