20  7  2  3.1935  1.3064  89
20  4  2  3.0164  0.913  51
20  5  2  4.6316  0.9034  78
20  7  3  3.9655  0.9362  45
20  5  3  2.5574  1.25  153
20  6  3  5.7627  0.9765  56
20  7  4  2.125  0.9628  32
20  4  4  5.0345  1.0205  39
20  6  4  3.5833  0.8866  196
20  7  5  3.2368  0.939  163
20  5  5  5.9  0.9322  32
20  7  6  4.8667  0.9623  33
20  5  6  3.4286  0.8667  44
20  6  6  3.95  1.0  35
20  3  7  3.95  1.0  338
20  3  8  5.9  0.8192  48
20  4  8  2.3735  1.0  34
20  6  8  4.8364  1.0301  43
20  3  9  2.8364  0.8333  179
20  4  9  2.5909  0.8655  35
20  3  10  6.25  1.024  30
20  4  10  2.9756  1.0902  84
20  5  10  3.5918  1.0227  31
20  6  10  8.625  1.0  68
20  3  11  4.75  0.883  30
20  5  11  6.1026  0.9076  86
20  6  11  2.4712  1.3035  56
20  4  12  2.4531  1.2866  58
20  5  12  2.6232  1.2044  174
20  6  12  3.012  1.14  191
20  4  14  6.7222  1.157  76
20  5  14  4.1957  1.171  30
20  6  14  1.3933  1.3493  267
20  3  16  3.25  1.5824  29
20  6  15  4.9245  1.0  32
20  7  16  2.2143  0.9821  129
20  3  17  2.8125  0.95  30
20  6  16  4.7846  1.0547  55
20  7  17  3.9828  1.329  48
20  6  17  2.0467  0.987  53
20  3  19  2.6667  1.25  50
20  6  18  4.8281  0.945  35
20  7  20  2.6083  1.115  72
20  3  20  2.4821  1.0  60
20  4  20  4.7241  0.9051  77
20  5  19  5.14  1.0389  35
20  7  21  2.0706  0.9489  34
20  5  21  4.1395  1.2472  63
20  7  23  2.3226  1.0486  37
20  6  22  3.2879  1.2719  35
20  6  23  1.5393  1.6058  71
20  4  24  3.0  1.321  61
20  5  23  3.7759  1.2648  165
20  3  26  2.2951  0.9857  48
20  6  25  3.4598  1.0465  50
20  5  25  4.0  1.3625  33
20  3  27  5.75  1.0  32
20  6  26  2.3495  1.0702  331
20  4  27  2.9833  0.9721  170
20  3  28  1.8108  2.2687  183
20  7  29  4.1781  1.0  39
20  4  28  3.6316  1.2609  51
20  5  27  2.0  1.0507  80
20  3  29  2.4576  1.2621  43
20  6  28  4.1304  1.0211  189
20  4  29  4.3333  0.9505  164
20  7  31  2.8081  1.1115  63
20  4  30  3.8529  1.2519  198
20  5  29  2.0826  1.0  33
20  3  32  1.3158  1.48  31
20  5  30  3.039  0.9444  187
20  4  31  5.875  0.9628  187
20  7  33  1.9613  1.2072  61
20  7  34  3.0769  1.325  56
20  4  32  2.9778  0.9925  54
20  7  35  3.175  1.0  47
20  6  33  3.2846  0.7921  35
20  7  36  3.194  1.2664  90
20  3  35  4.1026  0.9563  50
20  5  33  2.8667  0.986  34
20  4  34  3.58  1.0  181
20  7  37  2.6748  0.9848  62
20  5  34  1.8111  1.2699  141
20  7  38  1.9831  1.0482  36
20  3  37  2.0645  1.0938  48
20  6  37  2.9551  1.0494  250
20  7  39  2.8376  0.991  57
20  3  38  3.413  0.9809  33
20  4  37  3.8065  1.2881  34
20  6  38  2.5435  1.235  36
20  4  38  2.4878  1.5  52
20  7  41  2.975  1.0462  37
20  5  38  1.7959  1.9091  72
20  3  41  3.973  0.9796  35
20  6  41  1.7654  1.0  35
20  4  40  3.6  0.9938  82
20  3  42  2.5926  1.0214  49
20  7  44  2.5446  0.9805  38
20  3  43  2.4127  1.0  57
20  6  43  3.8  0.9962  37
20  4  42  3.878  1.0252  54
20  7  46  2.4957  1.0856  38
20  3  44  2.6667  1.1319  59
20  7  47  3.1538  1.1545  84
20  4  44  2.2456  1.1641  60
20  7  48  4.1324  0.9537  64
20  4  45  4.3667  1.084  60
20  5  46  1.9178  1.5429  55
20  7  51  2.3097  1.1188  36
20  3  49  2.55  0.9542  36
20  6  50  3.8929  1.0642  77
20  6  51  7.1364  0.949  82
20  3  51  2.3051  1.1029  46
20  7  54  3.3934  0.9758  67
20  3  52  2.1053  1.0  45
20  4  51  3.6364  0.9938  37
20  7  55  3.4167  0.8482  41
20  5  51  2.5979  0.9722  37
20  3  53  3.5357  1.2525  63
20  3  54  5.3548  0.9217  78
20  6  55  2.9324  1.2166  41
20  7  57  3.0098  1.0  39
20  5  53  3.0159  1.3421  79
20  4  54  5.1579  0.9847  63
20  6  56  1.8553  1.1667  67
20  7  59  2.7895  1.0896  74
20  5  55  3.6383  1.4795  78
20  6  58  3.9032  0.8072  75
20  3  58  4.0526  0.9351  38
20  4  57  4.5405  0.9107  95
20  6  59  1.3182  1.5805  76
20  7  61  3.0238  1.3504  44
20  3  59  4.1892  1.2065  36
20  5  58  2.3274  0.9886  166
20  4  59  2.5439  1.0  60
20  7  63  2.1104  0.9815  68
20  4  60  2.5974  0.975  162
20  3  61  2.3934  1.2192  92
20  6  62  8.1333  1.0246  66
20  3  62  4.1429  1.131  61
20  6  63  4.4706  0.6579  64
20  3  63  1.2754  1.7386  61
20  5  64  2.3373  0.9948  101
20  3  66  2.8077  0.9726  51
20  4  65  4.6129  0.993  86
20  6  67  5.7755  0.9541  76
20  4  66  2.3548  1.2192  173
20  6  68  3.3529  1.0105  70
20  3  68  2.4231  1.0  189
20  4  67  2.9333  1.4924  72
20  5  67  3.9825  1.0352  73
20  4  68  2.2059  0.9733  59
20  5  68  3.52  0.9811  41
20  4  70  4.0  0.9082  62
20  5  70  5.2703  1.0  76
20  6  73  2.1532  0.9438  76
20  4  72  4.5122  0.9892  71
20  3  74  3.1282  1.3607  72
20  6  75  4.2407  1.1528  69
20  3  76  2.6875  1.093  67
20  5  74  1.3077  1.3294  41
20  6  76  2.9916  0.927  147
20  7  79  2.4961  0.9969  64
20  3  78  2.9444  1.3868  101
20  7  80  1.8599  1.1815  43
20  6  78  3.8684  0.9932  45
20  4  78  2.6076  0.9806  124
20  3  80  3.9048  1.5976  85
20  5  78  2.5056  0.9103  82
20  7  82  3.9277  0.9785  84
20  3  81  2.7458  0.9753  74
20  7  83  2.6029  0.9379  73
20  3  83  1.4359  2.0536  65
20  6  83  3.3832  1.0  76
20  4  83  2.3372  1.0  104
20  4  85  4.5676  0.9231  43
20  3  87  2.2222  1.3786  65
20  6  86  3.8452  1.0  97
20  4  86  3.1905  0.9801  76
20  7  89  2.5285  1.0225  49
20  6  87  3.5938  0.9739  81
20  7  90  2.5398  1.0  45
20  5  87  4.8718  1.1842  79
20  3  90  2.1429  1.0  109
20  5  88  1.8741  1.1304  80
20  6  89  2.9286  1.0418  46
20  4  89  3.5714  1.28  80
20  5  89  2.6154  0.9853  44
20  6  90  8.1944  1.0305  73
20  4  90  2.9194  0.895  45
20  7  93  3.1442  0.9908  50
20  5  90  5.6098  0.9  82
20  6  91  5.4808  0.9368  238
20  7  94  3.1707  1.3692  92
20  3  94  7.619  1.025  79
20  4  93  3.6667  0.9697  45
20  3  95  3.8333  0.9855  71
20  7  96  2.5046  0.978  86
20  5  93  4.3273  1.0084  84
20  6  94  5.1346  0.8165  77
20  4  94  2.8261  1.2538  44
20  3  96  3.2083  1.1104  75
20  5  94  4.6739  1.0  45
20  5  95  3.131  0.9772  46
20  5  96  1.8966  1.0  85
20  4  97  1.6126  1.0  46
20  5  97  2.1237  1.1019  84
20  3  100  3.6279  1.1026  82
20  5  98  2.7753  0.8057  46
20  6  100  4.197  0.9458  52
