30  30  30  29  28  29  29
1  1  2  1  2  2  1
15  15  15  14  15  14  14
17  17  17  16  17  16  16
19  20  20  19  20  19  20
18  18  18  17  17  17  18
21  20  19  20  20  21  19
24  25  26  27  25  25  24
20  19  20  20  19  19  21
19  20  20  19  20  20  20
21  20  20  20  20  20  21
18  18  17  18  18  17  17
4  5  4  4  5  5  5
8  8  8  7  7  7  7
17  17  17  16  16  17  17
6  7  6  6  6  7  7
5  5  5  4  4  5  4
18  19  18  19  18  19  18
13  13  13  12  13  13  12
14  14  15  14  15  15  15
