12  11  11  12  9  9  10
32  26  31  32  26  32  33
6  6  7  6  7  7  7
27  29  31  29  33  31  29
25  27  26  23  23  22  21
15  16  15  13  14  16  15
9  10  11  10  8  10  8
31  32  32  31  27  28  33
32  33  30  30  26  27  33
11  9  11  10  11  9  9
20  21  18  19  21  18  23
4  3  3  3  4  3  3
7  8  8  7  7  8  7
26  31  26  30  24  27  25
30  29  30  27  28  31  26
8  8  8  7  7  8  7
18  18  14  17  15  16  17
20  20  22  24  22  20  20
23  24  24  23  26  23  22
30  30  30  32  29  28  29
