25  23  29  23  26  25  28
14  12  14  12  13  14  15
16  13  15  14  16  16  15
27  22  26  27  24  22  21
15  17  14  16  16  14  17
14  17  18  18  16  16  14
26  25  26  25  29  29  29
22  21  22  22  19  18  20
23  23  21  20  21  22  23
29  29  23  30  23  23  25
23  24  25  21  21  22  21
19  21  22  22  19  18  21
27  25  28  26  30  25  26
22  22  25  25  23  23  24
11  13  13  12  12  13  13
6  7  7  7  6  7  6
30  28  24  29  29  24  28
18  15  17  15  15  18  15
21  23  21  25  21  22  20
27  34  29  33  33  33  29
