26  17  27  33  15  34  14
4  8  7  5  5  3  4
11  7  11  10  12  8  11
4  3  8  3  3  8  3
29  13  12  20  14  26  27
15  6  13  11  8  12  11
27  12  22  28  24  28  10
14  39  27  27  36  42  28
35  19  16  31  37  35  28
34  29  33  14  22  30  33
23  22  19  13  31  18  30
24  12  23  19  27  13  28
17  8  12  14  9  19  19
1  2  1  2  1  1  2
28  18  31  17  26  16  31
25  30  36  34  17  16  29
7  12  9  11  11  10  8
36  29  17  16  33  36  20
20  14  19  15  23  8  18
28  13  30  13  15  37  22
