1  2  11
1  3  178
1  4  80
1  5  175
2  6  8
2  7  164
3  8  148
3  9  146
4  10  52
5  11  104
6  12  137
6  13  53
7  14  72
8  15  156
9  16  161
10  17  138
11  18  5
12  19  139
13  20  50
14  21  105
15  22  129
16  23  101
17  24  69
18  25  55
19  26  87
20  27  77
20  28  97
20  29  118
20  30  153
21  31  33
22  32  34
23  33  174
24  34  142
25  35  156
26  36  20
27  36  33
28  37  98
29  38  79
30  39  125
31  40  66
32  41  124
33  42  120
34  43  156
35  43  56
36  44  50
37  45  104
38  45  85
39  45  54
40  46  53
41  46  111
42  47  117
43  47  101
44  48  10
44  49  13
45  50  94
45  51  18
46  52  117
46  53  39
46  54  142
47  56  163
47  57  62
47  55  88
48  58  168
49  59  70
50  60  96
51  60  147
52  61  164
53  61  91
54  62  80
55  63  121
56  64  118
57  64  146
58  65  155
59  65  22
60  66  172
61  66  24
62  66  169
63  66  11
64  67  119
65  68  134
65  69  125
65  70  168
66  71  108
67  72  136
68  73  133
69  74  163
69  75  12
70  76  5
70  77  79
70  78  19
71  79  156
72  80  39
73  81  68
74  81  66
75  82  130
76  83  24
77  84  17
78  85  66
79  86  147
80  87  21
81  88  113
82  88  165
83  89  61
84  90  17
85  90  5
86  91  143
87  92  158
88  93  45
88  94  85
88  95  126
89  96  141
90  97  10
91  98  177
92  99  124
93  100  167
94  100  74
95  100  88
96  100  8
97  100  48
98  100  136
99  100  40
