4  4  4  3  3  4
15  16  16  15  15  16
8  9  8  9  9  9
5  5  5  5  5  4
8  7  8  8  8  8
2  2  2  2  3  3
11  11  11  11  11  10
3  4  3  4  4  3
4  4  4  4  3  4
2  1  2  1  2  1
3  2  3  2  3  3
20  20  20  19  20  19
13  12  12  12  12  13
10  10  10  10  10  10
13  13  14  14  14  14
16  16  16  16  16  16
11  11  11  12  12  11
12  12  13  12  13  13
21  19  20  19  20  21
15  15  14  15  15  14
11  12  12  11  12  11
10  9  9  10  10  9
10  10  10  10  10  9
15  15  15  15  15  16
6  5  5  5  5  5
13  14  14  14  14  14
16  15  16  16  16  16
18  18  17  18  18  18
3  3  2  2  3  3
16  15  16  15  15  15
13  12  13  12  12  12
12  13  13  13  12  13
6  6  6  7  7  6
19  18  18  18  18  19
13  13  12  12  13  12
7  7  6  7  7  7
9  8  9  9  8  8
19  19  19  19  18  18
13  13  13  12  13  12
4  3  3  4  4  3
19  19  19  19  18  18
19  20  19  20  20  20
10  10  9  10  9  10
8  9  9  8  8  8
4  4  5  5  5  4
4  4  4  5  4  5
12  12  12  13  13  13
19  19  19  18  18  18
3  3  2  3  3  3
14  13  14  14  13  13
2  1  1  1  2  1
20  19  20  20  19  20
4  4  4  4  4  4
3  3  3  4  4  3
19  21  21  20  19  20
17  17  17  17  18  18
10  9  9  10  10  10
11  12  11  12  12  11
6  6  6  6  6  5
3  3  3  3  3  3
10  9  9  10  10  9
7  8  8  7  8  7
18  17  18  17  17  17
9  9  9  9  8  9
13  13  12  13  12  12
14  14  14  14  13  14
12  12  12  12  13  13
14  14  15  15  14  15
14  13  14  13  13  13
6  5  6  6  5  5
12  13  12  12  12  12
8  7  7  7  8  8
2  1  2  1  1  2
16  16  16  15  15  15
2  1  1  2  2  2
20  19  19  20  20  19
19  18  19  18  18  18
20  20  19  20  19  20
3  2  3  2  2  3
15  16  16  15  15  16
8  7  7  7  8  8
12  12  13  12  12  13
4  3  3  3  3  3
10  10  9  9  9  10
17  18  18  17  18  18
4  3  4  3  4  3
12  12  13  13  13  12
6  7  7  7  6  6
8  8  8  9  9  9
10  9  9  9  9  9
7  7  6  6  6  7
7  8  7  8  7  8
19  18  19  18  19  19
6  6  5  6  6  5
20  20  19  21  20  21
13  13  14  14  13  13
20  19  19  21  20  20
3  4  3  4  4  3
20  20  19  20  20  19
1  1  1  2  2  1
