80  1165  101  795  759  7.8713  7.5149  1.4654  1.5349  40  60
80  1272  195  1169  749  5.9949  3.841  1.0881  1.6983  50  80
80  1241  127  964  795  7.5906  6.2598  1.2873  1.561  40  80
80  1125  207  934  778  4.5121  3.7585  1.2045  1.446  40  84
80  1195  135  793  893  5.8741  6.6148  1.5069  1.3382  50  70
80  1164  223  1320  1316  5.9193  5.9013  0.8818  0.8845  40  60
80  959  168  990  694  5.8929  4.131  0.9687  1.3818  50  80
80  860  84  581  544  6.9167  6.4762  1.4802  1.5809  60  87
80  1026  165  776  589  4.703  3.5697  1.3222  1.7419  50  80
80  1151  262  891  907  3.4008  3.4618  1.2918  1.269  40  80
80  1100  221  888  787  4.0181  3.5611  1.2387  1.3977  60  90
80  1163  243  1152  1153  4.7407  4.7449  1.0095  1.0087  70  100
80  1426  199  1160  966  5.8291  4.8543  1.2293  1.4762  50  80
