80  3  1165  101  795  759  876  7.8713  7.5149  8.6733  1.4654  1.5349  1.3299  40  70  80
80  3  1272  195  1169  749  1080  5.9949  3.841  5.5385  1.0881  1.6983  1.1778  50  80  70
80  3  1241  127  964  795  803  7.5906  6.2598  6.3228  1.2873  1.561  1.5455  40  73  80
80  3  1125  207  934  778  786  4.5121  3.7585  3.7971  1.2045  1.446  1.4313  30  50  50
80  3  1195  135  793  893  907  5.8741  6.6148  6.7185  1.5069  1.3382  1.3175  40  70  60
80  3  1164  223  1320  1316  1200  5.9193  5.9013  5.3812  0.8818  0.8845  0.97  30  50  60
80  4  959  168  990  694  782  5.8929  4.131  4.6548  0.9687  1.3818  1.2263  40  60  90
80  4  860  84  581  544  646  6.9167  6.4762  7.6905  1.4802  1.5809  1.3313  60  70  100
80  4  1026  165  776  589  755  4.703  3.5697  4.5758  1.3222  1.7419  1.3589  70  100  130
80  5  1151  262  891  907  761  3.4008  3.4618  2.9046  1.2918  1.269  1.5125  41  70  70
80  5  1163  243  1152  1153  1068  4.7407  4.7449  4.3951  1.0095  1.0087  1.089  60  90  90
80  5  1163  243  1152  1153  1068  4.7407  4.7449  4.3951  1.0095  1.0087  1.089  50  80  80
