17  17  17  17  17
18  18  19  19  19
5  5  5  4  4
13  13  13  12  13
25  25  22  23  24
9  9  9  10  9
19  20  19  20  20
23  21  23  21  20
24  23  21  21  24
11  10  10  10  11
13  13  13  12  13
21  21  22  23  21
5  5  5  4  4
7  6  6  7  7
14  14  14  14  15
6  5  6  5  6
12  12  12  12  11
20  20  19  19  19
13  13  13  13  13
1  1  2  1  2
25  25  24  26  27
20  19  19  20  19
25  23  25  25  24
20  21  21  23  20
22  21  21  24  22
17  17  18  18  17
22  25  25  25  22
19  19  19  20  20
13  12  13  13  12
3  2  2  3  3
14  13  14  13  13
4  3  3  3  4
24  22  24  21  23
16  17  17  16  16
11  10  11  10  11
25  24  27  27  27
18  18  17  18  17
11  11  11  11  11
14  15  15  15  15
14  13  13  14  13
21  20  22  21  22
12  12  12  12  12
8  8  9  9  9
7  7  7  7  6
14  13  14  14  13
10  10  10  9  9
7  8  8  7  8
18  18  17  18  18
17  16  17  16  17
17  17  18  18  17
23  22  21  21  21
22  22  22  21  21
3  3  2  2  3
27  27  27  25  27
6  5  6  6  6
19  19  20  20  19
8  8  8  7  8
13  13  13  13  12
14  14  14  14  13
12  12  12  13  12
21  20  21  20  19
7  7  8  8  8
20  20  20  19  19
20  19  20  20  20
26  24  25  26  27
11  11  10  10  10
16  16  16  15  16
17  18  18  17  17
9  10  9  10  9
5  5  5  5  5
15  16  15  15  16
8  8  7  8  8
4  4  4  3  3
4  3  4  3  3
15  16  16  16  16
16  16  17  16  16
20  20  20  20  22
14  13  13  14  13
9  8  9  8  9
22  22  20  21  21
