1  2  255
1  3  176
1  4  29
2  5  256
3  6  199
3  7  250
4  8  72
4  9  160
5  10  65
6  11  227
7  12  11
8  13  21
9  14  189
9  15  191
10  16  160
11  16  152
12  17  126
13  18  59
14  19  98
15  20  59
16  21  112
16  22  47
17  23  98
18  24  166
19  25  135
20  26  36
21  27  39
21  28  226
22  29  19
23  30  97
24  31  54
25  32  241
26  33  136
26  34  9
27  35  111
28  35  106
29  36  63
30  37  176
31  37  204
32  38  165
33  38  171
34  38  223
35  40  120
35  39  218
36  41  78
36  42  136
37  43  172
37  44  23
38  45  153
38  46  122
39  47  224
40  48  215
41  49  93
42  50  15
43  50  248
44  51  107
45  52  184
46  53  218
47  54  190
48  55  145
49  55  16
50  56  95
51  57  78
52  57  78
53  57  175
54  58  54
55  59  193
56  60  143
57  60  50
58  61  12
58  62  169
59  63  59
60  64  192
60  65  173
61  66  138
62  67  239
63  68  69
64  69  152
65  70  17
66  71  68
67  72  149
68  72  160
69  73  105
70  74  214
71  75  259
71  76  92
72  77  168
73  78  197
74  79  151
75  80  190
76  80  172
77  80  242
78  80  78
79  80  208
