40  3  438  59  434  464  434  7.3559  7.0  7.3559  1.0092  0.944  1.0092  8  7  5  381  6.4576  1.1496  17868
40  3  408  143  409  572  390  2.8601  4.0  2.7273  0.9976  0.7133  1.0462  6  7  4  336  2.3497  1.2143  735
40  3  365  72  265  218  278  3.6806  3.0  3.8611  1.3774  1.6743  1.3129  6  7  5  253  3.5139  1.4427  3914
40  3  495  178  610  579  609  3.427  3.0  3.4213  0.8115  0.8549  0.8128  6  7  5  610  3.427  0.8115  2687
40  3  495  178  610  579  609  3.427  3.0  3.4213  0.8115  0.8549  0.8128  6  7  5  465  2.6124  1.0645  2163
40  3  401  72  440  425  402  6.1111  5.0  5.5833  0.9114  0.9435  0.9975  6  7  4  329  4.5694  1.2188  2942
40  3  506  99  555  614  469  5.6061  6.0  4.7374  0.9117  0.8241  1.0789  7  7  4  499  5.0404  1.014  5760
40  3  485  85  463  400  460  5.4471  4.0  5.4118  1.0475  1.2125  1.0543  7  8  5  463  5.4471  1.0475  1000
40  3  458  96  503  604  514  5.2396  6.0  5.3542  0.9105  0.7583  0.8911  6  9  4  415  4.3229  1.1036  1389
40  3  492  88  395  337  409  4.4886  3.0  4.6477  1.2456  1.4599  1.2029  6  7  4  395  4.4886  1.2456  1998
40  3  464  94  388  345  359  4.1277  3.0  3.8191  1.1959  1.3449  1.2925  18  7  4  388  4.1277  1.1959  853
40  3  464  94  388  345  359  4.1277  3.0  3.8191  1.1959  1.3449  1.2925  6  7  4  388  4.1277  1.1959  819
40  3  467  104  357  266  315  3.4327  2.0  3.0288  1.3081  1.7556  1.4825  6  7  4  270  2.5962  1.7296  38148
40  3  571  150  600  435  559  4.0  2.0  3.7267  0.9517  1.3126  1.0215  6  8  4  410  2.7333  1.3927  1744
40  3  571  150  600  435  559  4.0  2.0  3.7267  0.9517  1.3126  1.0215  8  7  4  547  3.6467  1.0439  14352
40  3  496  88  509  480  495  5.7841  5.0  5.625  0.9745  1.0333  1.002  6  8  4  473  5.375  1.0486  17241
40  3  412  119  434  363  475  3.6471  3.0  3.9916  0.9493  1.135  0.8674  6  9  4  434  3.6471  0.9493  17035
40  3  397  123  610  509  625  4.9593  4.0  5.0813  0.6508  0.78  0.6352  8  7  4  525  4.2683  0.7562  4650
40  3  427  78  476  436  460  6.1026  5.0  5.8974  0.8971  0.9794  0.9283  6  7  4  366  4.6923  1.1667  5403
40  3  527  127  526  527  628  4.1417  4.0  4.9449  1.0019  1.0  0.8392  8  8  6  452  3.5591  1.1659  6530
40  4  502  114  575  449  338  5.0439  3.0  2.9649  0.873  1.118  1.4852  35  7  5  406  3.5614  1.2365  2465
40  4  408  127  395  388  352  3.1102  3.0  2.7717  1.0329  1.0515  1.1591  7  7  5  350  2.7559  1.1657  4285
40  4  425  25  363  332  412  14.52  13.0  16.48  1.1708  1.2801  1.0316  8  7  5  303  12.12  1.4026  6008
40  4  418  93  276  283  227  2.9677  3.0  2.4409  1.5145  1.477  1.8414  6  7  5  272  2.9247  1.5368  6476
40  4  406  64  395  407  479  6.1719  6.0  7.4844  1.0278  0.9975  0.8476  9  7  5  340  5.3125  1.1941  21468
40  4  363  43  351  385  368  8.1628  8.0  8.5581  1.0342  0.9429  0.9864  10  8  5  315  7.3256  1.1524  9833
40  4  407  132  394  552  292  2.9848  4.0  2.2121  1.033  0.7373  1.3938  7  9  5  394  2.9848  1.033  578
40  4  430  55  367  365  326  6.6727  6.0  5.9273  1.1717  1.1781  1.319  6  7  5  367  6.6727  1.1717  5449
40  4  390  128  282  243  319  2.2031  1.0  2.4922  1.383  1.6049  1.2226  8  7  5  282  2.2031  1.383  28649
40  4  403  117  312  326  297  2.6667  2.0  2.5385  1.2917  1.2362  1.3569  6  7  5  324  2.7692  1.2438  10069
40  4  432  121  475  475  476  3.9256  3.0  3.9339  0.9095  0.9095  0.9076  7  7  5  409  3.3802  1.0562  9917
40  4  441  106  482  459  505  4.5472  4.0  4.7642  0.9149  0.9608  0.8733  7  7  5  401  3.783  1.0998  1742
40  4  389  76  438  353  367  5.7632  4.0  4.8289  0.8881  1.102  1.0599  7  7  8  349  4.5921  1.1146  4100
40  4  389  76  438  353  367  5.7632  4.0  4.8289  0.8881  1.102  1.0599  6  7  5  438  5.7632  0.8881  5888
40  5  311  54  346  328  294  6.4074  6.0  5.4444  0.8988  0.9482  1.0578  7  8  5  254  4.7037  1.2244  15403
40  5  295  77  346  430  344  4.4935  5.0  4.4675  0.8526  0.686  0.8576  8  10  6  301  3.9091  0.9801  48025
40  5  295  77  346  430  344  4.4935  5.0  4.4675  0.8526  0.686  0.8576  8  8  5  317  4.1169  0.9306  35403
40  5  317  100  348  507  322  3.48  5.0  3.22  0.9109  0.6252  0.9845  7  7  5  348  3.48  0.9109  21301
40  5  375  110  339  286  268  3.0818  2.0  2.4364  1.1062  1.3112  1.3993  7  8  5  314  2.8545  1.1943  12718
40  5  317  100  348  507  322  3.48  5.0  3.22  0.9109  0.6252  0.9845  7  7  5  309  3.09  1.0259  8007
40  5  375  110  339  286  268  3.0818  2.0  2.4364  1.1062  1.3112  1.3993  7  7  5  314  2.8545  1.1943  19372
40  5  334  89  324  357  300  3.6404  4.0  3.3708  1.0309  0.9356  1.1133  7  8  5  301  3.382  1.1096  3917
40  5  334  89  324  357  300  3.6404  4.0  3.3708  1.0309  0.9356  1.1133  7  7  5  311  3.4944  1.074  11205
40  5  355  115  421  346  392  3.6609  3.0  3.4087  0.8432  1.026  0.9056  8  7  5  421  3.6609  0.8432  2303
40  5  343  44  385  362  403  8.75  8.0  9.1591  0.8909  0.9475  0.8511  9  8  6  364  8.2727  0.9423  24584
40  5  381  87  338  321  332  3.8851  3.0  3.8161  1.1272  1.1869  1.1476  7  8  6  318  3.6552  1.1981  6604
40  5  318  53  283  261  260  5.3396  4.0  4.9057  1.1237  1.2184  1.2231  9  8  6  229  4.3208  1.3886  10037
40  5  323  69  282  352  293  4.087  5.0  4.2464  1.1454  0.9176  1.1024  8  7  5  282  4.087  1.1454  971
40  5  328  54  312  287  254  5.7778  5.0  4.7037  1.0513  1.1429  1.2913  7  7  5  253  4.6852  1.2964  10297
40  5  395  67  415  405  378  6.194  6.0  5.6418  0.9518  0.9753  1.045  10  9  6  415  6.194  0.9518  9604
40  5  377  59  242  222  230  4.1017  3.0  3.8983  1.5579  1.6982  1.6391  8  8  6  193  3.2712  1.9534  13034
40  5  334  65  361  248  362  5.5538  3.0  5.5692  0.9252  1.3468  0.9227  7  8  5  290  4.4615  1.1517  2356
40  6  399  87  465  452  455  5.3448  5.0  5.2299  0.8581  0.8827  0.8769  27  7  6  456  5.2414  0.875  10167
40  6  436  135  384  358  307  2.8444  2.0  2.2741  1.1354  1.2179  1.4202  7  7  6  320  2.3704  1.3625  3439
40  6  431  121  459  308  433  3.7934  2.0  3.5785  0.939  1.3994  0.9954  8  8  6  320  2.6446  1.3469  8853
40  6  456  136  528  550  541  3.8824  4.0  3.9779  0.8636  0.8291  0.8429  8  8  6  457  3.3603  0.9978  50728
40  6  418  76  493  410  503  6.4868  5.0  6.6184  0.8479  1.0195  0.831  9  8  6  493  6.4868  0.8479  4674
40  6  454  131  654  394  534  4.9924  3.0  4.0763  0.6942  1.1523  0.8502  8  8  6  387  2.9542  1.1731  19751
40  6  452  131  357  346  448  2.7252  2.0  3.4198  1.2661  1.3064  1.0089  7  10  6  339  2.5878  1.3333  1296
40  6  497  134  549  568  468  4.097  4.0  3.4925  0.9053  0.875  1.062  7  9  6  549  4.097  0.9053  5755
40  6  533  65  460  431  411  7.0769  6.0  6.3231  1.1587  1.2367  1.2968  9  8  6  390  6.0  1.3667  2266
40  6  439  130  477  514  411  3.6692  3.0  3.1615  0.9203  0.8541  1.0681  18  7  6  302  2.3231  1.4536  14960
40  6  386  27  389  427  430  14.4074  15.0  15.9259  0.9923  0.904  0.8977  29  8  6  369  13.6667  1.0461  11945
40  6  452  89  519  506  504  5.8315  5.0  5.6629  0.8709  0.8933  0.8968  21  8  7  439  4.9326  1.0296  3449
40  6  426  76  294  252  247  3.8684  3.0  3.25  1.449  1.6905  1.7247  6  7  6  212  2.7895  2.0094  4913
40  6  477  74  520  424  370  7.027  5.0  5.0  0.9173  1.125  1.2892  9  8  7  395  5.3378  1.2076  15666
40  6  472  79  330  309  332  4.1772  3.0  4.2025  1.4303  1.5275  1.4217  10  9  6  315  3.9873  1.4984  18663
40  7  499  72  500  624  526  6.9444  8.0  7.3056  0.998  0.7997  0.9487  27  8  7  500  6.9444  0.998  1773
40  7  591  78  574  559  550  7.359  7.0  7.0513  1.0296  1.0572  1.0745  10  8  7  456  5.8462  1.2961  31803
40  7  637  92  625  477  617  6.7935  5.0  6.7065  1.0192  1.3354  1.0324  12  8  7  416  4.5217  1.5313  4765
40  7  555  108  536  373  568  4.963  3.0  5.2593  1.0354  1.4879  0.9771  9  9  8  459  4.25  1.2092  17980
40  7  555  108  536  373  568  4.963  3.0  5.2593  1.0354  1.4879  0.9771  9  8  10  536  4.963  1.0354  15948
40  7  431  83  479  313  306  5.7711  3.0  3.6867  0.8998  1.377  1.4085  8  8  7  343  4.1325  1.2566  14586
40  7  592  122  683  558  640  5.5984  4.0  5.2459  0.8668  1.0609  0.925  9  8  7  485  3.9754  1.2206  13601
40  7  515  91  494  535  512  5.4286  5.0  5.6264  1.0425  0.9626  1.0059  9  8  7  353  3.8791  1.4589  2990
40  7  527  149  659  559  679  4.4228  3.0  4.557  0.7997  0.9428  0.7761  8  8  7  540  3.6242  0.9759  24709
40  7  558  102  487  430  479  4.7745  4.0  4.6961  1.1458  1.2977  1.1649  27  8  7  372  3.6471  1.5  7105
40  7  519  95  538  535  642  5.6632  5.0  6.7579  0.9647  0.9701  0.8084  10  8  7  475  5.0  1.0926  7668
40  7  504  79  488  496  564  6.1772  6.0  7.1392  1.0328  1.0161  0.8936  10  8  7  461  5.8354  1.0933  9145
40  7  487  153  633  721  640  4.1373  4.0  4.183  0.7694  0.6755  0.7609  9  8  7  633  4.1373  0.7694  2169
40  7  513  83  573  505  501  6.9036  6.0  6.0361  0.8953  1.0158  1.024  10  9  7  465  5.6024  1.1032  2122
40  7  563  99  494  490  499  4.9899  4.0  5.0404  1.1397  1.149  1.1283  8  8  7  406  4.101  1.3867  7381
40  7  563  99  494  490  499  4.9899  4.0  5.0404  1.1397  1.149  1.1283  8  7  7  494  4.9899  1.1397  1269
40  7  501  115  578  568  548  5.0261  4.0  4.7652  0.8668  0.882  0.9142  8  9  7  578  5.0261  0.8668  3082
