17  13  13  32  15
31  23  11  12  22
9  5  14  11  6
5  6  4  6  5
29  38  28  26  38
13  14  8  8  12
11  11  10  7  9
12  12  14  9  14
17  10  20  15  18
17  15  17  13  15
15  24  22  31  20
27  17  15  10  11
36  15  23  14  16
13  16  18  12  17
12  17  24  26  26
8  20  17  17  15
6  3  6  8  3
18  12  19  21  9
20  20  14  8  17
11  23  12  22  10
2  1  1  2  1
4  3  4  3  2
33  32  12  32  30
23  19  15  26  26
14  19  11  15  24
5  4  5  2  4
31  14  20  23  32
7  15  9  7  12
16  8  15  20  21
6  14  14  7  10
10  12  12  10  14
10  12  21  26  10
14  12  7  14  16
11  13  7  11  18
8  7  7  12  5
8  20  13  14  11
11  9  16  9  7
15  15  13  15  9
14  12  24  9  12
9  25  16  23  16
3  2  5  2  2
14  8  9  5  15
19  22  20  19  19
6  4  9  5  8
18  20  22  12  27
5  5  2  2  2
25  28  31  19  19
6  6  3  2  6
12  16  16  19  13
15  37  29  13  31
17  38  16  22  14
19  23  20  23  23
17  36  32  17  32
10  10  15  14  12
26  20  30  23  35
11  11  17  18  22
22  31  24  16  26
5  7  6  10  11
5  4  2  3  4
21  17  14  35  20
12  18  12  10  12
23  20  8  21  9
1  3  2  2  1
34  30  19  23  19
11  14  16  14  23
3  8  7  3  8
7  4  9  3  4
10  15  19  15  13
6  3  6  7  4
8  9  3  7  8
1  2  2  2  2
14  17  20  19  12
8  14  6  11  7
12  14  5  12  7
15  14  16  39  23
5  10  10  10  5
17  25  17  12  19
12  11  14  7  10
8  8  4  7  4
39  33  33  15  19
