1  2  190
1  3  122
1  4  48
2  5  100
2  6  135
2  7  59
3  8  162
3  9  173
4  10  31
4  11  220
5  12  28
6  13  50
7  14  181
8  15  213
9  16  205
10  16  232
11  17  133
12  18  54
13  19  185
14  20  161
15  21  48
16  21  34
17  21  84
18  22  47
19  24  64
19  23  176
20  25  239
20  26  71
20  27  208
21  28  75
22  29  83
23  30  184
23  31  57
24  32  207
25  33  123
26  34  159
27  35  77
28  36  163
29  37  239
30  38  124
31  39  96
32  40  189
33  41  68
33  42  197
34  43  182
34  44  116
35  45  67
36  48  239
36  46  7
36  47  132
37  49  8
38  50  166
39  50  42
40  50  64
41  51  44
42  52  225
43  52  65
44  53  143
45  54  231
46  54  232
47  55  246
48  55  130
49  56  203
50  57  115
51  58  84
51  59  39
52  60  132
52  61  250
53  62  17
54  63  131
55  64  112
56  65  37
57  65  228
58  65  180
59  66  24
60  66  109
61  67  84
62  67  87
63  68  212
64  68  246
65  69  234
66  70  92
67  71  181
68  72  204
69  73  64
70  74  184
71  75  38
71  76  99
72  77  155
72  78  126
72  79  11
73  80  25
74  80  160
75  80  127
76  80  62
77  80  171
78  80  95
79  80  67
