80  3  1165  101  795  759  899  7.8713  7.0  8.901  1.0  1.5349  1.2959  29  31  19  768  7.604  1.5169  88263
80  3  1272  195  1169  749  1080  5.9949  3.0  5.5385  1.0  1.6983  1.1778  24  31  18  1043  5.3487  1.2196  120672
80  3  1241  127  964  795  949  7.5906  6.0  7.4724  1.0  1.561  1.3077  25  31  18  944  7.4331  1.3146  170781
80  3  1125  207  934  778  761  4.5121  3.0  3.6763  1.0  1.446  1.4783  20  30  18  801  3.8696  1.4045  5208
80  3  1195  135  793  893  816  5.8741  6.0  6.0444  1.0  1.3382  1.4645  26  31  19  704  5.2148  1.6974  345246
80  3  1164  223  1320  1316  1200  5.9193  5.0  5.3812  0.0  0.8845  0.97  25  31  18  1272  5.704  0.9151  295435
80  4  959  168  990  694  692  5.8929  4.0  4.119  0.0  1.3818  1.3858  25  31  20  729  4.3393  1.3155  143944
80  4  860  84  581  544  629  6.9167  6.0  7.4881  1.0  1.5809  1.3672  27  32  20  581  6.9167  1.4802  13738
80  4  1026  165  776  589  755  4.703  3.0  4.5758  1.0  1.7419  1.3589  23  31  19  572  3.4667  1.7937  20687
80  5  1151  262  891  907  761  3.4008  3.0  2.9046  1.0  1.269  1.5125  24  32  21  891  3.4008  1.2918  14006
80  5  1163  243  1152  1153  1064  4.7407  4.0  4.3786  1.0  1.0087  1.093  29  33  22  1129  4.6461  1.0301  23553
80  5  1163  243  1152  1153  1064  4.7407  4.0  4.3786  1.0  1.0087  1.093  30  33  22  972  4.0  1.1965  73666
