1  2  9
1  3  43
1  4  80
1  5  29
2  6  107
3  7  106
4  8  86
5  9  15
6  10  106
7  10  28
8  11  44
9  11  8
10  12  31
10  13  90
10  14  20
11  15  20
12  16  16
13  16  49
14  16  73
15  17  50
16  18  69
16  19  83
16  20  11
16  21  23
17  24  82
17  25  38
17  22  52
17  23  21
18  26  93
19  26  66
20  26  21
21  27  88
22  27  109
23  28  42
24  28  99
25  28  93
26  29  56
27  30  83
28  31  46
29  32  86
30  33  91
31  34  8
32  35  4
33  36  90
34  37  5
35  38  96
36  38  12
37  39  86
38  40  52
39  40  79
