1  2  196
1  3  126
1  4  42
2  5  205
3  6  56
4  8  157
4  7  51
5  9  89
6  10  12
7  11  218
8  12  145
9  13  92
10  13  65
11  14  89
12  14  159
13  15  210
14  16  29
15  17  74
15  18  77
15  19  137
15  20  33
15  21  200
16  24  40
16  25  48
16  26  28
16  22  196
16  23  109
17  27  194
18  27  23
19  28  14
20  28  35
21  29  95
22  29  37
23  29  37
24  29  211
25  29  158
26  30  171
27  31  11
28  31  192
29  32  35
30  33  63
31  34  87
32  35  63
33  35  206
34  36  43
34  37  171
35  38  143
35  39  209
36  40  59
37  40  64
38  40  123
39  40  100
