13  5  8  8  10  6
1  2  1  2  2  2
4  4  6  2  6  4
17  16  25  11  12  20
24  14  8  14  15  23
5  5  5  5  2  6
5  7  14  12  6  12
5  9  8  8  5  8
3  3  4  4  7  8
12  20  20  9  15  10
4  9  11  10  7  11
5  6  8  5  8  8
10  12  15  12  20  17
9  11  6  4  5  8
31  26  20  33  30  24
11  15  19  14  26  26
2  5  5  5  6  3
6  6  3  5  2  5
3  5  2  3  3  3
23  8  14  19  10  13
4  4  5  9  10  7
11  5  8  4  6  7
20  9  18  8  16  19
10  8  12  11  8  7
3  2  4  5  5  3
21  9  21  23  13  22
2  2  1  2  1  1
27  14  19  10  25  12
15  11  18  17  6  12
23  29  10  19  13  13
13  13  10  13  5  6
9  12  7  9  7  11
11  6  8  14  18  10
17  14  12  11  19  11
13  20  28  12  11  23
5  4  2  2  4  3
3  4  4  7  5  7
7  14  10  11  15  13
13  27  20  18  20  22
15  16  14  9  7  10
