15  14  14  15  12  13
19  19  19  16  15  17
14  12  9  10  9  14
3  3  2  2  2  2
12  15  9  9  15  9
20  18  20  20  19  19
23  22  21  20  16  18
24  23  15  22  19  25
14  14  15  19  17  14
16  20  15  24  24  18
16  18  17  12  15  15
4  3  3  4  4  3
8  7  8  8  8  9
8  11  12  10  11  12
9  10  9  12  12  12
15  13  11  15  16  13
2  2  1  1  1  1
16  14  16  16  20  18
15  19  22  25  23  15
3  4  4  5  4  5
3  3  2  3  3  2
3  3  2  2  2  2
13  9  11  13  10  8
15  19  20  15  12  20
16  22  22  16  21  23
13  12  12  12  17  12
15  17  18  14  12  16
5  3  4  5  4  5
13  22  19  16  15  22
15  10  11  11  10  10
9  8  6  8  8  6
17  17  13  16  15  16
1  1  1  2  2  2
8  5  7  7  5  5
17  15  16  17  15  11
25  25  19  18  19  19
8  9  8  8  9  9
1  2  2  2  2  2
14  13  14  13  15  14
3  3  3  2  2  3
