21  20  20  19  21  21
5  5  6  6  5  5
9  9  9  8  8  8
9  10  9  9  10  9
5  5  6  5  6  6
20  19  19  21  20  19
19  20  20  19  19  19
15  15  14  14  14  15
6  7  7  7  6  7
20  20  20  21  21  21
20  20  22  20  22  22
11  11  10  10  11  11
7  7  7  7  7  6
16  16  16  17  16  16
6  6  7  7  6  6
20  19  20  20  19  20
14  13  13  14  13  13
18  19  18  19  19  18
10  11  10  10  10  11
21  22  22  23  24  21
20  19  19  20  20  19
4  3  3  3  3  3
11  10  10  10  10  11
8  7  7  8  8  7
4  3  3  3  3  4
11  12  11  11  11  12
11  12  11  11  11  12
16  17  16  16  17  16
5  4  5  4  5  4
13  12  13  13  13  12
21  23  22  21  21  22
11  11  11  11  11  11
9  9  8  9  8  8
19  19  19  19  20  20
14  15  14  15  14  14
2  3  3  3  3  3
11  11  11  11  11  11
21  23  21  21  21  24
2  3  2  3  3  3
13  13  13  14  14  13
