1  2  70
1  3  113
2  4  76
2  5  149
3  6  197
3  7  121
4  8  104
5  9  213
6  10  117
7  11  179
7  12  22
8  13  160
9  13  90
10  14  56
11  14  97
12  15  55
13  16  111
14  17  97
15  18  14
16  19  168
17  20  172
17  21  85
18  22  152
18  23  170
19  24  203
20  25  130
21  26  194
22  27  199
23  27  123
24  28  215
25  29  210
25  30  200
26  31  8
27  32  93
28  33  181
29  33  214
30  33  42
31  34  21
32  34  209
33  35  9
33  36  53
34  37  191
34  38  112
34  39  160
35  40  197
36  40  38
37  40  57
38  40  200
39  40  93
