7  7  6  6  7  7
17  22  18  18  19  17
11  8  11  10  8  11
16  16  20  20  18  19
15  15  13  12  13  13
20  19  19  21  23  21
3  2  3  2  3  2
4  4  5  5  5  5
21  21  18  21  23  23
13  16  13  16  15  16
2  2  3  3  3  2
11  13  13  13  13  14
4  4  4  4  4  5
11  12  11  10  11  10
15  18  18  16  19  20
8  11  8  8  11  10
18  21  19  22  20  20
16  16  15  16  14  14
5  5  4  4  4  5
15  16  16  18  17  18
7  8  7  8  8  7
17  20  18  16  18  16
6  6  6  6  6  5
11  10  11  11  13  13
19  18  19  15  19  20
15  17  14  17  14  16
21  22  17  17  20  19
20  18  19  21  22  20
1  1  1  1  1  2
12  13  11  12  10  12
7  7  6  6  6  6
1  2  1  1  1  2
11  8  10  10  10  8
6  7  6  6  6  7
8  9  8  10  8  11
6  5  5  5  5  6
20  22  21  19  21  20
18  14  14  15  15  16
7  6  6  6  7  6
2  2  2  1  2  1
