1  2  69
1  3  75
2  4  127
2  5  149
2  6  174
2  7  213
3  8  15
3  9  113
3  10  54
3  11  47
3  12  104
4  13  164
4  14  40
5  16  105
5  17  117
5  15  190
6  18  214
7  19  179
7  20  205
7  21  136
8  22  164
8  23  1
9  24  139
9  25  207
9  26  138
9  27  186
10  28  103
10  29  203
10  30  19
10  31  30
11  32  131
12  33  5
12  34  104
12  35  108
13  36  206
14  36  215
15  36  86
16  36  202
17  36  13
18  36  151
19  36  91
20  37  191
21  37  177
22  37  195
23  37  115
24  37  54
25  38  147
26  38  22
27  38  4
28  38  5
29  38  176
30  38  154
31  39  193
32  39  138
33  39  48
34  39  112
35  39  32
36  40  80
37  40  196
38  40  99
39  40  15
