3  3  2  3  2  2
6  7  7  6  7  7
5  5  5  5  5  6
19  17  18  21  18  20
5  5  6  6  5  6
2  2  2  2  1  2
21  22  17  21  18  20
20  23  24  21  21  19
7  7  8  7  8  8
5  4  5  5  4  4
2  2  3  2  3  2
7  6  6  7  6  6
10  9  12  9  12  11
13  13  14  13  14  14
24  21  20  23  21  21
17  21  19  16  18  20
3  4  3  4  3  4
14  13  13  11  14  14
17  15  14  14  15  15
8  8  8  7  7  8
11  11  8  9  10  11
17  19  20  19  21  21
16  17  17  16  15  20
18  16  14  16  16  14
12  10  13  13  10  10
22  17  22  18  21  19
3  3  3  4  4  4
6  5  5  5  6  5
7  9  9  7  7  8
3  3  4  4  4  3
4  4  4  4  4  4
13  16  16  14  14  14
3  3  3  2  2  2
16  14  15  14  16  14
20  23  21  21  21  23
22  23  21  20  23  25
7  7  8  7  8  8
21  20  18  20  19  18
6  5  5  6  5  5
4  3  3  4  4  3
