1  2  65
1  3  75
1  4  92
2  5  31
3  6  30
4  7  63
5  8  1
5  9  75
6  10  31
7  11  18
8  12  53
9  13  12
10  14  17
11  15  31
12  16  21
13  16  62
14  17  23
15  17  72
16  18  45
16  19  37
16  20  38
16  21  19
16  22  69
17  24  2
17  25  62
17  26  13
17  27  47
17  23  38
18  28  32
19  28  92
20  28  62
21  28  90
22  29  7
23  29  43
24  29  97
25  30  24
26  30  42
27  30  25
28  31  38
29  32  9
30  32  81
31  33  65
32  34  51
33  35  77
34  36  44
35  37  24
35  38  32
36  39  86
37  40  79
38  40  14
39  40  11
