20  11  21  18
13  12  11  7
6  8  5  6
17  17  11  13
9  11  13  8
12  9  14  15
7  11  7  14
1  2  1  1
7  8  7  11
2  3  2  2
2  1  1  2
11  15  20  16
8  9  8  17
22  24  19  27
4  3  2  4
14  21  18  14
18  18  11  18
6  8  6  5
14  8  10  12
12  14  24  12
8  10  13  10
20  23  21  23
1  2  1  1
6  10  9  6
23  15  12  17
14  25  14  12
21  22  23  19
2  5  3  3
19  15  23  14
16  15  8  7
13  14  16  15
8  11  5  6
4  5  6  4
16  22  15  24
11  19  17  17
13  12  10  19
7  7  4  4
9  12  7  8
16  10  17  15
10  9  11  6
