1  3  3  3
5  3  9  9
25  17  25  15
6  6  3  8
8  11  15  7
4  4  4  6
8  4  3  5
4  4  3  3
12  12  10  4
3  2  1  3
19  22  9  11
14  13  14  13
23  9  19  12
25  14  18  17
1  1  1  2
14  12  20  13
10  14  5  14
10  16  14  22
7  7  15  15
12  10  7  16
21  14  8  12
10  10  11  8
24  20  13  21
15  17  20  17
7  4  7  6
12  21  11  9
6  6  10  4
2  2  1  1
7  5  5  10
8  7  9  12
9  4  4  8
19  24  12  16
8  9  10  14
2  2  1  1
10  21  10  22
2  1  2  3
13  7  9  6
14  17  12  12
5  10  5  10
5  8  5  10
