12  14  13  20
15  12  16  10
9  15  17  15
28  26  26  20
3  3  3  5
5  7  4  5
1  2  2  2
9  15  10  7
2  1  1  1
1  2  1  1
2  3  3  3
17  12  16  13
26  21  24  22
22  16  15  22
8  9  7  8
5  7  9  8
5  4  5  4
14  9  16  16
15  14  21  24
6  6  7  5
11  9  11  11
3  3  3  2
21  16  25  23
7  6  5  10
15  10  14  19
6  7  6  5
1  2  2  2
4  9  8  9
16  15  13  17
15  25  28  20
16  13  15  9
18  26  17  15
11  6  10  5
18  11  20  19
4  4  7  6
7  5  6  7
13  9  12  16
1  2  1  1
14  11  14  9
3  3  3  3
