1  2  36
1  3  149
1  4  120
2  5  106
2  6  198
2  7  92
3  8  128
3  9  92
3  10  101
4  11  101
4  12  119
4  13  94
4  14  49
4  15  95
5  16  163
5  17  20
6  18  97
6  19  137
6  20  139
7  24  91
7  25  194
7  21  97
7  22  128
7  23  79
8  26  69
9  27  98
9  28  36
10  29  77
10  30  65
10  31  97
11  32  44
11  33  10
12  34  78
12  35  35
12  36  66
13  37  166
13  38  137
13  39  150
14  40  96
14  41  154
14  42  123
15  43  31
15  44  183
16  45  140
17  46  35
18  47  142
19  47  25
20  47  117
21  47  76
22  48  122
23  48  38
24  48  111
25  49  111
26  50  111
27  50  172
28  50  123
29  51  188
30  51  98
31  51  2
32  51  88
33  52  43
34  53  46
35  53  123
36  53  68
37  54  29
38  54  100
39  54  150
40  54  43
41  55  139
42  55  5
43  56  118
44  56  66
45  57  172
46  57  178
47  57  142
48  57  103
49  57  185
50  58  12
51  58  101
52  58  31
53  58  81
54  59  71
55  59  56
56  59  105
57  60  182
58  60  21
59  60  197
