1  2  106
1  3  124
1  4  8
2  8  163
2  9  105
2  5  148
2  6  32
2  7  149
3  10  116
3  11  108
4  12  101
5  13  32
5  14  74
6  15  9
7  16  30
7  17  12
7  18  169
8  19  146
8  20  71
8  21  78
8  22  170
9  24  53
9  25  199
9  26  57
9  27  63
9  23  16
10  28  66
10  29  68
10  30  131
11  32  36
11  33  57
11  34  137
11  31  132
12  35  195
12  36  141
12  37  29
13  38  129
14  38  14
15  39  114
16  39  103
17  40  121
18  40  100
19  40  124
20  40  138
21  40  72
22  41  168
23  41  123
24  41  191
25  42  59
26  43  76
27  43  155
28  43  113
29  43  193
30  43  99
31  43  37
32  44  197
33  44  43
34  44  169
35  45  119
36  45  18
37  46  158
38  47  48
39  48  191
39  49  91
40  50  163
41  51  190
42  52  107
42  53  75
42  54  43
43  56  48
43  55  169
44  57  172
45  58  139
46  59  132
47  60  172
48  60  13
49  60  88
50  60  70
51  60  137
52  60  37
53  60  64
54  60  30
55  60  152
56  60  169
57  60  102
58  60  75
59  60  91
