20  3  158  40  177  197  232  4.425  4.0  5.8  0.0  0.802  0.681  3  3  2  136  3.4  1.1618  857
20  3  145  30  223  120  194  7.4333  4.0  6.4667  0.0  1.2083  0.7474  2  2  2  186  6.2  0.7796  981
20  3  130  55  188  189  183  3.4182  3.0  3.3273  0.0  0.6878  0.7104  2  2  2  159  2.8909  0.8176  566
20  3  128  20  172  187  166  8.6  9.0  8.3  0.0  0.6845  0.7711  3  2  2  172  8.6  0.7442  350
20  3  151  36  189  193  238  5.25  5.0  6.6111  0.0  0.7824  0.6345  3  2  2  189  5.25  0.7989  223
20  3  144  28  97  100  92  3.4643  3.0  3.2857  1.0  1.44  1.5652  2  2  2  93  3.3214  1.5484  1994
20  3  130  39  133  108  126  3.4103  2.0  3.2308  0.0  1.2037  1.0317  2  2  2  122  3.1282  1.0656  1292
20  3  130  39  133  108  126  3.4103  2.0  3.2308  0.0  1.2037  1.0317  2  2  2  133  3.4103  0.9774  365
20  3  138  61  222  136  206  3.6393  2.0  3.377  0.0  1.0147  0.6699  2  2  2  142  2.3279  0.9718  569
20  3  138  61  222  136  206  3.6393  2.0  3.377  0.0  1.0147  0.6699  2  2  2  218  3.5738  0.633  1267
20  3  138  24  170  160  198  7.0833  6.0  8.25  0.0  0.8625  0.697  2  2  2  142  5.9167  0.9718  432
20  3  152  37  71  76  68  1.9189  2.0  1.8378  2.0  2.0  2.2353  2  2  2  67  1.8108  2.2687  1599
20  3  153  39  232  321  275  5.9487  8.0  7.0513  0.0  0.4766  0.5564  3  2  2  188  4.8205  0.8138  2625
20  3  140  62  190  140  185  3.0645  2.0  2.9839  0.0  1.0  0.7568  2  2  2  140  2.2581  1.0  3067
20  3  154  46  189  186  180  4.1087  4.0  3.913  0.0  0.828  0.8556  2  2  2  181  3.9348  0.8508  351
20  3  144  37  160  160  189  4.3243  4.0  5.1081  0.0  0.9  0.7619  2  2  2  160  4.3243  0.9  151
20  3  143  54  171  155  155  3.1667  2.0  2.8704  0.0  0.9226  0.9226  3  2  2  128  2.3704  1.1172  211
20  3  152  63  237  241  203  3.7619  3.0  3.2222  0.0  0.6307  0.7488  2  2  2  154  2.4444  0.987  906
20  3  146  60  162  122  149  2.7  2.0  2.4833  0.0  1.1967  0.9799  2  2  1  140  2.3333  1.0429  722
20  3  150  59  140  189  142  2.3729  3.0  2.4068  1.0  0.7937  1.0563  2  2  2  124  2.1017  1.2097  895
20  3  120  57  138  167  120  2.4211  2.0  2.1053  0.0  0.7186  1.0  2  2  2  136  2.386  0.8824  224
20  3  153  31  195  187  184  6.2903  6.0  5.9355  0.0  0.8182  0.8315  3  2  2  158  5.0968  0.9684  262
20  3  144  38  183  212  201  4.8158  5.0  5.2895  0.0  0.6792  0.7164  3  2  2  132  3.4737  1.0909  2440
20  3  187  37  235  242  241  6.3514  6.0  6.5135  0.0  0.7727  0.7759  2  2  2  152  4.1081  1.2303  1118
20  3  178  61  154  153  134  2.5246  2.0  2.1967  1.0  1.1634  1.3284  2  2  2  126  2.0656  1.4127  1022
20  3  164  35  177  177  206  5.0571  5.0  5.8857  0.0  0.9266  0.7961  2  2  2  132  3.7714  1.2424  277
20  3  153  69  96  100  93  1.3913  1.0  1.3478  1.0  1.53  1.6452  2  2  2  88  1.2754  1.7386  628
20  3  142  52  160  128  120  3.0769  2.0  2.3077  0.0  1.1094  1.1833  2  2  2  114  2.1923  1.2456  241
20  3  189  78  242  364  261  3.1026  4.0  3.3462  0.0  0.5192  0.7241  2  2  2  189  2.4231  1.0  336
20  3  158  59  175  155  185  2.9661  2.0  3.1356  0.0  1.0194  0.8541  3  2  2  151  2.5593  1.0464  1121
20  3  193  63  195  171  179  3.0952  2.0  2.8413  0.0  1.1287  1.0782  3  2  2  175  2.7778  1.1029  803
20  3  150  70  197  150  185  2.8143  2.0  2.6429  0.0  1.0  0.8108  2  2  2  155  2.2143  0.9677  404
20  3  164  21  166  182  202  7.9048  8.0  9.619  0.0  0.9011  0.8119  3  2  2  161  7.6667  1.0186  401
20  3  136  36  170  198  188  4.7222  5.0  5.2222  0.0  0.6869  0.7234  3  2  2  170  4.7222  0.8  129
20  3  171  48  182  165  201  3.7917  3.0  4.1875  0.0  1.0364  0.8507  3  2  2  155  3.2292  1.1032  1271
20  3  172  43  169  202  198  3.9302  4.0  4.6047  1.0  0.8515  0.8687  2  2  2  156  3.6279  1.1026  1034
20  3  158  40  177  197  232  4.425  4.0  5.8  0.0  0.802  0.681  3  3  2  136  3.4  1.1618  812
20  3  145  30  223  120  194  7.4333  4.0  6.4667  0.0  1.2083  0.7474  3  2  2  184  6.1333  0.788  805
20  3  130  55  188  189  183  3.4182  3.0  3.3273  0.0  0.6878  0.7104  3  2  2  149  2.7091  0.8725  623
20  3  128  20  172  187  166  8.6  9.0  8.3  0.0  0.6845  0.7711  3  2  2  152  7.6  0.8421  1219
20  3  151  36  189  193  238  5.25  5.0  6.6111  0.0  0.7824  0.6345  3  2  2  189  5.25  0.7989  223
20  3  144  28  97  100  92  3.4643  3.0  3.2857  1.0  1.44  1.5652  3  2  2  94  3.3571  1.5319  849
20  3  130  39  133  108  126  3.4103  2.0  3.2308  0.0  1.2037  1.0317  2  2  2  127  3.2564  1.0236  778
20  3  130  39  133  108  126  3.4103  2.0  3.2308  0.0  1.2037  1.0317  2  2  2  127  3.2564  1.0236  459
20  3  138  61  222  136  206  3.6393  2.0  3.377  0.0  1.0147  0.6699  3  2  2  191  3.1311  0.7225  528
20  3  138  61  222  136  206  3.6393  2.0  3.377  0.0  1.0147  0.6699  3  2  2  136  2.2295  1.0147  487
20  3  138  24  170  160  198  7.0833  6.0  8.25  0.0  0.8625  0.697  3  2  2  118  4.9167  1.1695  484
20  3  152  37  71  76  68  1.9189  2.0  1.8378  2.0  2.0  2.2353  2  2  2  67  1.8108  2.2687  234
20  3  153  39  232  321  275  5.9487  8.0  7.0513  0.0  0.4766  0.5564  3  2  2  188  4.8205  0.8138  677
20  3  140  62  190  140  185  3.0645  2.0  2.9839  0.0  1.0  0.7568  2  2  2  140  2.2581  1.0  141
20  3  154  46  189  186  180  4.1087  4.0  3.913  0.0  0.828  0.8556  2  2  2  174  3.7826  0.8851  187
20  3  144  37  160  160  189  4.3243  4.0  5.1081  0.0  0.9  0.7619  3  2  2  160  4.3243  0.9  198
20  3  143  54  171  155  155  3.1667  2.0  2.8704  0.0  0.9226  0.9226  3  2  2  128  2.3704  1.1172  214
20  3  152  63  237  241  203  3.7619  3.0  3.2222  0.0  0.6307  0.7488  2  2  2  154  2.4444  0.987  3055
20  3  146  60  162  122  149  2.7  2.0  2.4833  0.0  1.1967  0.9799  2  2  2  143  2.3833  1.021  3841
20  3  150  59  140  189  142  2.3729  3.0  2.4068  1.0  0.7937  1.0563  2  2  2  119  2.0169  1.2605  1833
20  3  120  57  138  167  120  2.4211  2.0  2.1053  0.0  0.7186  1.0  2  2  2  138  2.4211  0.8696  1075
20  3  153  31  195  187  184  6.2903  6.0  5.9355  0.0  0.8182  0.8315  3  2  2  195  6.2903  0.7846  268
20  3  144  38  183  212  201  4.8158  5.0  5.2895  0.0  0.6792  0.7164  3  2  2  132  3.4737  1.0909  1810
20  3  187  37  235  242  241  6.3514  6.0  6.5135  0.0  0.7727  0.7759  3  2  2  221  5.973  0.8462  582
20  3  178  61  154  153  134  2.5246  2.0  2.1967  1.0  1.1634  1.3284  3  2  2  126  2.0656  1.4127  718
20  3  164  35  177  177  206  5.0571  5.0  5.8857  0.0  0.9266  0.7961  2  2  2  132  3.7714  1.2424  1337
20  3  153  69  96  100  93  1.3913  1.0  1.3478  1.0  1.53  1.6452  2  2  2  88  1.2754  1.7386  865
20  3  142  52  160  128  120  3.0769  2.0  2.3077  0.0  1.1094  1.1833  3  2  2  114  2.1923  1.2456  1530
20  3  189  78  242  364  261  3.1026  4.0  3.3462  0.0  0.5192  0.7241  3  2  2  189  2.4231  1.0  873
20  3  158  59  175  155  185  2.9661  2.0  3.1356  0.0  1.0194  0.8541  3  2  2  151  2.5593  1.0464  686
20  3  193  63  195  171  179  3.0952  2.0  2.8413  0.0  1.1287  1.0782  3  2  2  168  2.6667  1.1488  418
20  3  150  70  197  150  185  2.8143  2.0  2.6429  0.0  1.0  0.8108  2  2  2  155  2.2143  0.9677  213
20  3  164  21  166  182  202  7.9048  8.0  9.619  0.0  0.9011  0.8119  3  2  2  153  7.2857  1.0719  757
20  3  136  36  170  198  188  4.7222  5.0  5.2222  0.0  0.6869  0.7234  3  2  2  170  4.7222  0.8  194
20  3  171  48  182  165  201  3.7917  3.0  4.1875  0.0  1.0364  0.8507  3  2  2  155  3.2292  1.1032  268
20  3  172  43  169  202  198  3.9302  4.0  4.6047  1.0  0.8515  0.8687  3  2  2  156  3.6279  1.1026  248
20  3  158  40  177  197  232  4.425  4.0  5.8  0.0  0.802  0.681  3  3  2  136  3.4  1.1618  1043
20  3  145  30  223  120  194  7.4333  4.0  6.4667  0.0  1.2083  0.7474  2  2  2  184  6.1333  0.788  681
20  3  130  55  188  189  183  3.4182  3.0  3.3273  0.0  0.6878  0.7104  2  2  2  159  2.8909  0.8176  988
20  3  128  20  172  187  166  8.6  9.0  8.3  0.0  0.6845  0.7711  3  2  2  152  7.6  0.8421  1675
20  3  151  36  189  193  238  5.25  5.0  6.6111  0.0  0.7824  0.6345  3  2  2  183  5.0833  0.8251  219
20  3  144  28  97  100  92  3.4643  3.0  3.2857  1.0  1.44  1.5652  2  2  2  82  2.9286  1.7561  232
20  3  130  39  133  108  126  3.4103  2.0  3.2308  0.0  1.2037  1.0317  2  2  2  127  3.2564  1.0236  385
20  3  130  39  133  108  126  3.4103  2.0  3.2308  0.0  1.2037  1.0317  2  2  2  127  3.2564  1.0236  223
20  3  138  61  222  136  206  3.6393  2.0  3.377  0.0  1.0147  0.6699  2  2  2  218  3.5738  0.633  1943
20  3  138  61  222  136  206  3.6393  2.0  3.377  0.0  1.0147  0.6699  2  2  2  218  3.5738  0.633  1544
20  3  138  24  170  160  198  7.0833  6.0  8.25  0.0  0.8625  0.697  2  2  1  142  5.9167  0.9718  768
20  3  152  37  71  76  68  1.9189  2.0  1.8378  2.0  2.0  2.2353  2  2  2  71  1.9189  2.1408  222
20  3  153  39  232  321  275  5.9487  8.0  7.0513  0.0  0.4766  0.5564  2  2  2  188  4.8205  0.8138  928
20  3  140  62  190  140  185  3.0645  2.0  2.9839  0.0  1.0  0.7568  2  2  2  140  2.2581  1.0  617
20  3  154  46  189  186  180  4.1087  4.0  3.913  0.0  0.828  0.8556  2  2  2  174  3.7826  0.8851  470
20  3  144  37  160  160  189  4.3243  4.0  5.1081  0.0  0.9  0.7619  2  2  1  160  4.3243  0.9  141
20  3  143  54  171  155  155  3.1667  2.0  2.8704  0.0  0.9226  0.9226  2  2  2  128  2.3704  1.1172  250
20  3  152  63  237  241  203  3.7619  3.0  3.2222  0.0  0.6307  0.7488  2  2  1  154  2.4444  0.987  393
20  3  146  60  162  122  149  2.7  2.0  2.4833  0.0  1.1967  0.9799  2  2  1  129  2.15  1.1318  386
20  3  150  59  140  189  142  2.3729  3.0  2.4068  1.0  0.7937  1.0563  2  2  1  119  2.0169  1.2605  173
20  3  120  57  138  167  120  2.4211  2.0  2.1053  0.0  0.7186  1.0  2  2  2  136  2.386  0.8824  628
20  3  153  31  195  187  184  6.2903  6.0  5.9355  0.0  0.8182  0.8315  2  2  2  195  6.2903  0.7846  772
20  3  144  38  183  212  201  4.8158  5.0  5.2895  0.0  0.6792  0.7164  3  2  2  134  3.5263  1.0746  1157
20  3  187  37  235  242  241  6.3514  6.0  6.5135  0.0  0.7727  0.7759  2  2  2  221  5.973  0.8462  1310
20  3  178  61  154  153  134  2.5246  2.0  2.1967  1.0  1.1634  1.3284  2  2  2  121  1.9836  1.4711  1026
20  3  164  35  177  177  206  5.0571  5.0  5.8857  0.0  0.9266  0.7961  2  2  2  177  5.0571  0.9266  228
20  3  153  69  96  100  93  1.3913  1.0  1.3478  1.0  1.53  1.6452  2  2  2  88  1.2754  1.7386  1554
20  3  142  52  160  128  120  3.0769  2.0  2.3077  0.0  1.1094  1.1833  2  2  2  114  2.1923  1.2456  411
20  3  189  78  242  364  261  3.1026  4.0  3.3462  0.0  0.5192  0.7241  5  2  2  189  2.4231  1.0  1701
20  3  158  59  175  155  185  2.9661  2.0  3.1356  0.0  1.0194  0.8541  2  2  2  175  2.9661  0.9029  2036
20  3  193  63  195  171  179  3.0952  2.0  2.8413  0.0  1.1287  1.0782  2  2  1  195  3.0952  0.9897  1586
20  3  150  70  197  150  185  2.8143  2.0  2.6429  0.0  1.0  0.8108  2  2  1  155  2.2143  0.9677  585
20  3  164  21  166  182  202  7.9048  8.0  9.619  0.0  0.9011  0.8119  3  2  2  150  7.1429  1.0933  391
20  3  136  36  170  198  188  4.7222  5.0  5.2222  0.0  0.6869  0.7234  3  2  2  170  4.7222  0.8  126
20  3  171  48  182  165  201  3.7917  3.0  4.1875  0.0  1.0364  0.8507  3  2  2  129  2.6875  1.3256  887
20  3  172  43  169  202  198  3.9302  4.0  4.6047  1.0  0.8515  0.8687  2  2  2  156  3.6279  1.1026  362
