1  2  180
1  3  108
1  4  120
2  8  88
2  9  291
2  5  97
2  6  278
2  7  313
3  10  316
3  11  196
3  12  205
3  13  201
4  16  174
4  17  207
4  14  308
4  15  307
5  18  41
6  19  101
7  20  49
8  21  114
8  22  13
9  23  177
10  24  44
10  25  228
10  26  119
11  27  111
12  28  275
12  29  43
13  30  157
13  31  141
14  32  294
15  33  99
16  34  144
17  35  271
18  36  181
19  37  213
20  37  262
21  38  265
22  39  115
23  40  173
24  40  70
25  41  38
26  41  66
27  42  138
28  42  203
29  43  92
30  44  319
31  45  263
32  45  72
33  46  57
34  47  163
35  48  126
36  49  252
37  50  20
38  50  54
39  51  286
40  52  44
41  53  222
42  54  274
43  55  160
44  56  265
45  57  94
46  57  70
47  58  128
48  59  310
49  60  35
50  60  254
51  60  115
52  60  216
53  60  74
54  60  19
55  60  67
56  60  127
57  60  170
58  60  230
59  60  170
