1  2  318
1  3  222
1  4  270
1  5  7
1  6  66
2  8  11
2  9  191
2  10  32
2  7  135
3  11  89
4  12  232
4  13  134
4  14  305
5  16  111
5  17  137
5  15  110
6  18  194
6  19  218
7  20  21
8  21  135
9  22  273
10  23  195
11  24  335
11  25  321
12  26  5
13  27  122
14  28  86
14  29  266
15  30  317
16  31  155
17  32  42
17  33  262
18  34  102
19  35  124
20  36  288
20  37  8
20  38  308
21  40  305
21  41  333
21  39  293
22  42  10
22  43  41
22  44  33
22  45  56
23  46  33
23  47  56
24  48  230
24  49  156
24  50  254
24  51  151
25  52  135
25  53  282
25  54  212
26  56  97
26  57  194
26  55  15
27  58  178
28  59  18
28  60  315
29  64  19
29  61  219
29  62  36
29  63  95
30  65  157
30  66  156
31  67  294
31  68  293
32  69  326
33  70  223
34  72  101
34  71  258
35  73  225
36  74  32
37  74  136
38  74  274
39  75  162
40  76  233
41  76  281
42  76  175
43  77  204
44  77  143
45  78  17
46  78  223
47  79  181
48  79  236
49  80  303
50  80  27
51  81  284
52  81  210
53  81  217
54  82  157
55  82  305
56  83  308
57  83  94
58  84  146
59  84  229
60  85  270
61  86  206
62  86  83
63  86  109
64  87  208
65  87  298
66  87  71
67  87  232
68  88  136
69  88  168
70  89  319
71  89  280
72  89  59
73  89  250
74  90  18
75  90  189
76  91  70
77  92  292
78  92  115
79  92  220
80  93  288
81  93  273
82  94  100
83  95  232
84  96  44
85  97  152
86  97  82
87  98  205
88  98  230
89  99  267
90  100  4
91  100  21
92  100  75
93  100  241
94  100  182
95  100  298
96  100  238
97  100  237
98  100  338
99  100  255
