60  5  1079  276  1188  953  1186  4.3043  3.0  4.2971  0.0  1.1322  0.9098  25  24  11884.3043  0.9082  60489
60  5  1292  284  1169  1177  930  4.1162  4.0  3.2746  1.0  1.0977  1.3892  13  15  7632.6866  1.6933  7503
60  5  1203  123  854  958  955  6.9431  7.0  7.7642  1.0  1.2557  1.2597  15  15  8546.9431  1.4087  5689
60  5  1172  128  1008  935  1018  7.875  7.0  7.9531  1.0  1.2535  1.1513  14  15  7686.0  1.526  358973
60  5  1140  66  935  902  1063  14.1667  13.0  16.1061  1.0  1.2639  1.0724  19  20  93514.1667  1.2193  11436
60  6  634  64  504  427  606  7.875  6.0  9.4688  1.0  1.4848  1.0462  24  23  5047.875  1.2579  46584
60  6  576  53  485  456  499  9.1509  8.0  9.4151  1.0  1.2632  1.1543  18  17  3997.5283  1.4436  82992
60  7  922  201  938  973  888  4.6667  4.0  4.4179  0.0  0.9476  1.0383  24  23  9384.6667  0.9829  118041
60  7  791  91  600  569  546  6.5934  6.0  6.0  1.0  1.3902  1.4487  18  18  6006.5934  1.3183  700879
60  7  897  241  816  1082  719  3.3859  4.0  2.9834  1.0  0.829  1.2476  17  19  7152.9668  1.2545  48127
